seed,generation,best_fitness,mean_fitness,worst_fitness,num_species,best_nodes,best_connections,avg_nodes,avg_connections,time_eval_ms,time_speciate_ms,time_reproduce_ms,time_total_ms
1644314674,0,825,259.653,9,1,16,39,16,39,10.3541,0.06984,1.95601,12.4076
1644314674,1,841,319.823,9,1,16,39,16.03,39.02,11.7211,0.059061,1.97449,13.7727
1644314674,2,2029,328.977,9,1,17,40,16.0467,38.9867,12.4429,0.060774,2.06773,14.5939
1644314674,3,4068,350.09,9,1,17,40,16.14,38.99,12.5189,0.056951,2.01575,14.6109
1644314674,4,496,345.74,9,1,16,39,16.17,38.9467,12.9204,0.111746,2.43721,15.5029
1644314674,5,400,357.267,9,1,16,38,16.21,38.8867,12.8724,0.064438,2.04381,14.999
1644314674,6,845,351.673,9,1,16,38,16.2133,38.8,13.0526,0.086854,2.05619,15.2166
1644314674,7,102892,684.123,9,1,16,38,16.1567,38.6433,12.4533,0.058989,1.98397,14.5122
1644314674,8,1647,336.55,9,1,16,39,16.1467,38.43,11.9989,0.099573,2.04055,14.1629
1644314674,9,6876,322.397,9,1,16,38,16.1767,38.2233,11.3575,0.061836,2.00011,13.4396
1644314674,10,437,340.333,9,2,17,40,16.1567,38.09,12.4443,0.138968,1.35555,13.9615
1644314674,11,7007,393.76,9,4,16,38,16.6,38.9433,13.5217,0.11505,1.42803,15.0872
1644314674,12,440,384.84,9,2,17,42,16.5233,38.6867,13.8918,0.065544,2.05706,16.0366
1644314674,13,841,341.763,9,3,16,39,16.5633,39.66,11.8566,0.08797,1.75034,13.7091
1644314674,14,400,384.737,9,3,17,41,16.42,38.7167,13.948,0.102119,2.03941,16.108
1644314674,15,419,380.76,9,3,18,42,16.4533,38.6067,14.2908,0.102203,2.1119,16.5254
1644314674,16,816,354.153,9,3,17,40,16.4967,38.7467,13.368,0.078192,1.71437,15.1814
1644314674,17,431,391.103,9,4,17,40,16.43,38.06,14.7731,0.121317,1.82343,16.741
1644314674,18,400,389.703,9,3,17,38,16.59,39.25,14.6681,0.077128,2.17074,16.9373
1644314674,19,400,372.69,9,6,17,43,16.32,38.3533,16.547,0.26696,2.51952,19.3673
1644314674,20,829,377.51,9,7,16,37,16.52,38.77,13.532,0.112587,1.82713,15.4889
1644314674,21,833,378.7,9,7,17,38,16.3167,37.9267,13.9691,0.144387,1.59334,15.7308
1644314674,22,422,371.72,9,5,17,43,16.7967,39.16,15.1343,0.149738,2.02276,17.3348
1644314674,23,432,353.717,9,6,17,43,17.31,40.4833,13.1066,0.134415,1.97401,15.2378
1644314674,24,811,367.87,9,6,19,45,17.3,40.59,13.4853,0.142183,1.71445,15.3628
1644314674,25,400,376.727,9,6,16,38,17.2167,40.6233,13.7993,0.116579,2.23268,16.1646
1644314674,26,400,362.52,9,7,16,38,17.2233,40.8533,13.3316,0.138307,1.66371,15.155
1644314674,27,432,359.083,9,6,16,39,17.26,41.26,13.178,0.143981,1.96471,15.3066
1644314674,28,400,345.82,9,4,16,38,17.3333,41.67,12.6578,0.085895,2.23656,14.999
1644314674,29,1641,373.34,9,5,17,40,17.1233,41.02,13.3937,0.124001,1.96796,15.5042
1644314674,30,1654,347.95,9,8,16,38,16.8567,40.4667,11.3402,0.143034,1.78653,13.2911
1644314674,31,1654,384.88,9,7,17,41,16.62,39.9833,13.8079,0.132395,1.83786,15.796
1644314674,32,2082,366.877,9,8,17,40,16.9167,40.5433,13.1417,0.1539,2.20764,15.5219
1644314674,33,130159,839.913,9,9,17,40,16.9267,40.7067,15.2416,0.195665,2.31299,17.7898
1644314674,34,250920,1245.49,9,6,17,40,16.94,40.7167,12.5919,0.22054,2.30062,15.1404
1644314674,35,673893,2571.12,9,7,16,38,17.0633,41.0267,10.7492,0.147948,2.04055,12.957
1644314674,36,519518,2083.26,9,6,16,38,16.25,39.04,12.0055,0.164035,1.99865,14.1857
1644314674,37,385281,1686.97,9,6,16,38,16.5267,39.8033,14.9842,0.175194,2.12903,17.3262
1644314674,38,1709,402.687,9,7,17,42,16.7133,40.4067,13.6251,0.18754,2.17347,16.0285
1644314674,39,4103,348.923,9,8,17,41,17.7167,43.4733,14.3386,0.191113,1.97784,16.543
1644314674,40,400,347.99,9,8,16,39,17.7067,43.62,13.7922,0.165125,1.86825,15.8523
1644314674,41,3626,449.717,9,9,21,52,17.5967,43.3433,12.6958,0.164145,2.00676,14.8932
1644314674,42,49180,503.303,9,7,17,41,17.65,43.21,12.9218,0.202588,2.07836,15.2356
1644314674,43,212941,1124.65,9,9,16,39,17.6767,43.5867,12.0912,0.185463,2.19129,14.4995
1644314674,44,14572,488.02,9,9,16,39,16.84,41.17,12.261,0.203675,2.09896,14.5946
1644314674,45,6515,365.847,9,10,16,39,17.72,43.5833,12.8405,0.180042,1.62891,14.6758
1644314674,46,400,354.493,9,10,17,42,17.8167,43.9333,13.8861,0.209206,1.91331,16.044
1644314674,47,828,372.077,9,12,16,39,17.64,43.2333,14.693,0.221226,2.00897,16.9513
1644314674,48,1672,365.79,9,11,16,38,17.91,43.9567,13.1262,0.203953,1.74087,15.098
1644314674,49,817,354.45,9,14,17,43,17.83,43.6567,12.6846,0.213024,1.67812,14.6046
1644314674,50,58327,519.63,9,9,20,50,18.02,44.2667,12.2884,0.239157,2.28422,14.8333
1644314674,51,49112,550.273,9,10,21,54,18.5767,45.8967,11.689,0.183433,2.22615,14.1245
1644314674,52,20348,444.053,9,10,16,39,18.19,44.85,12.6057,0.190284,2.09717,14.915
1644314674,53,7006,521.99,9,9,16,39,17.5433,42.8133,12.2102,0.178431,2.33456,14.7446
1644314674,54,25837,454.293,9,9,18,43,17.57,42.8167,12.4302,0.181614,2.34924,14.9858
1644314674,55,4039,440.463,9,9,18,43,17.7567,42.8733,13.2887,0.179348,1.75611,15.2487
1644314674,56,4158,384.23,9,9,19,46,17.58,42.7433,13.6382,0.160683,2.32736,16.1441
1644314674,57,15036,425.2,9,9,16,39,17.4633,42.6833,13.2143,0.163675,1.72883,15.1274
1644314674,58,6900,510.63,10,8,16,39,16.9767,41.5767,12.7992,0.146887,1.90119,14.863
1644314674,59,14523,380.477,9,10,16,38,17.8367,43.6967,11.9639,0.167568,1.61674,13.7663
1644314674,60,491151,1991.41,9,9,16,39,17.3967,42.3833,10.1182,0.160193,1.84852,12.1452
1644314674,61,250701,1377.67,9,9,16,39,16.85,40.7733,10.0756,0.179753,2.08689,12.3719
1644314674,62,15029,634.867,9,8,16,38,16.8567,40.7767,8.52697,0.133574,2.18611,10.8607
1644314674,63,49069,1285.09,9,7,16,38,17.3167,41.8633,10.4998,0.097703,2.35476,12.9705
1644314674,64,116272,1234.85,9,8,16,38,17.22,42.0367,10.1636,0.132833,2.31848,12.6331
1644314674,65,491449,3852.97,9,7,17,41,17.7267,43.3233,11.9097,0.1658,2.11341,14.2094
1644314674,66,811522,7611.54,9,7,17,41,16.3833,39.4533,11.0006,0.119104,2.10462,13.2456
1644314674,67,212252,3636.64,9,11,16,38,16.5833,39.8333,11.3375,0.222765,2.27165,13.8651
1644314674,68,194294,8218.65,9,9,16,38,16.4767,39.64,11.0463,0.320901,3.78853,15.1995
1644314674,69,463678,7095.77,9,8,17,41,16.7633,40.9667,14.6748,0.217729,2.24337,17.1762
1644314674,70,609839,16703.2,9,10,17,42,16.83,41.1,13.0749,0.17564,0.944292,14.2247
1644314674,71,673625,130933,9,6,17,42,16.0867,38.2867,18.3436,0.188238,2.10534,20.6557
1644314674,72,885332,30000.6,9,4,16,38,16.2633,39.0133,10.3179,0.116367,2.25986,12.714
1644314674,73,707312,39027.2,9,3,17,40,16.6433,40.23,13.3455,0.08038,2.29411,15.7418
1644314674,74,847959,30590.6,9,3,17,41,16.6567,40.3533,11.0309,0.070156,2.28971,13.408
1644314674,75,848121,28707.1,9,3,17,41,16.5267,39.8733,13.5274,0.125567,2.17175,15.8451
1644314674,76,549201,8906.15,9,4,16,38,16.5933,39.93,11.8863,0.125652,2.11139,14.1453
1644314674,77,885108,20422.5,9,6,16,39,16.67,40.0867,12.3526,0.200703,2.28359,14.8618
1644314674,78,741084,15733.4,9,8,16,39,16.6467,40.1233,10.5724,0.130247,2.36102,13.0807
1644314674,79,578740,16046.2,9,5,17,41,16.52,39.4167,11.6445,0.114389,2.34126,14.1175
1644314674,80,707585,16131,9,7,17,44,16.6767,40.0733,12.6875,0.146962,2.33478,15.1929
1644314674,81,1.08316e+06,51060.9,9,6,17,41,16.72,40,13.8344,0.142307,2.32151,16.3236
1644314674,82,642103,9395.78,39,6,18,44,16.8233,40.5767,10.6125,0.124247,2.19701,12.9527
1644314674,83,775743,15013.2,9,5,17,42,16.95,41.3867,11.8127,0.110778,1.35069,13.2955
1644314674,84,848123,35944.4,9,6,16,38,16.8767,40.12,12.4531,0.146283,2.05654,14.6759
1644314674,85,641445,33237.7,9,6,17,41,17.01,40.82,12.7703,0.111954,2.20533,15.1064
1644314674,86,673666,11871.9,9,4,17,42,17.0267,40.5667,10.3241,0.133558,2.17497,12.6507
1644314674,87,673822,6852.32,9,3,18,42,17.0367,40.6233,6.8429,0.080551,2.28603,9.22953
1644314674,88,706876,57878.2,9,3,17,44,17.03,43.15,13.6491,0.161897,2.34166,16.1737
1644314674,89,811262,25315.2,9,2,17,42,17.02,43.1633,11.3825,0.120279,2.3317,13.8535
1644314674,90,548685,41154.8,9,2,17,45,17.03,43.2467,11.1908,0.125595,2.38386,13.7246
1644314674,91,811491,33965,9,2,17,44,17.0367,43.26,10.2725,0.101942,2.33272,12.727
1644314674,92,885081,29982.1,9,2,17,43,17.06,43.26,11.5545,0.063614,2.42892,14.0685
1644314674,93,811592,20928.7,9,2,17,42,17.0733,43.18,12.2391,0.065698,2.34051,14.6646
1644314674,94,707749,13594.6,9,2,17,45,17.0233,42.9867,11.9149,0.070214,2.35678,14.3616
1644314674,95,741517,20461.8,9,3,17,43,17.09,42.6367,13.3554,0.099787,1.8834,15.3562
1644314674,96,811312,20201.8,9,2,17,42,17.0833,42.31,10.7319,0.096415,2.33085,13.1781
1644314674,97,519368,10214.9,9,3,17,41,17.0867,42.46,9.95816,0.088457,2.29058,12.3529
1644314674,98,962523,23699.9,9,3,17,41,17.0667,42.28,12.5366,0.096293,2.31685,14.9687
1644314674,99,548649,18789.5,9,3,17,42,17.0867,42.0367,11.4175,0.121868,2.33708,13.8944
1644314674,100,360957,19157.6,9,5,18,43,17.1667,42.0467,10.4349,0.123702,2.2922,12.8706
1644314674,101,519503,18445.9,9,4,17,41,17.1467,41.7833,10.9127,0.10615,2.33263,13.3718
1644314674,102,741669,21770.8,9,4,17,41,17.2,41.6567,11.2859,0.117601,2.39183,13.8118
1644314674,103,609748,16875.8,9,6,17,41,17.2633,41.5867,12.4884,0.113381,1.90351,14.5266
1644314674,104,706979,29780.4,9,6,17,41,17.18,41.8633,12.3084,0.117655,2.14732,14.592
1644314674,105,811465,18322,9,5,17,41,17.1233,41.8067,13.0842,0.124558,2.34923,15.5818
1644314674,106,609758,12755.7,9,6,17,43,17.08,41.7867,11.0633,0.130288,1.94085,13.1535
1644314674,107,610391,29023.3,9,6,18,45,17.1,42.25,11.4802,0.166079,2.28404,13.9523
1644314674,108,385109,11451.7,9,10,17,40,17.1433,42.3633,8.8934,0.131485,2.24749,11.2887
1644314674,109,176971,4486.25,9,15,17,41,17.24,42.7,10.5785,0.177042,1.24318,12.0191
1644314674,110,1.16819e+06,72159.3,9,9,18,45,17.4567,42.0467,15.1555,0.195615,2.11437,17.4829
1644314674,111,673741,28885.3,9,8,18,45,17.23,41.8867,11.4235,0.132268,2.45014,14.0279
1644314674,112,410614,39401.9,9,4,17,40,17.23,42.0233,11.9784,0.093812,1.92484,14.0202
1644314674,113,1.00146e+06,46671.9,9,5,17,40,17.15,42.8033,11.4128,0.135984,2.2253,13.7932
1644314674,114,923103,32949.6,9,7,17,40,17.06,42.15,13.2627,0.134045,2.33374,15.7509
1644314674,115,775748,35836,9,6,17,40,17.09,41.7867,11.2747,0.078432,2.43294,13.802
1644314674,116,847769,29958.5,9,7,17,41,17.1067,41.72,10.9679,0.271109,2.66241,13.9348
1644314674,117,674003,17708.3,9,10,17,38,17.25,42.26,11.0105,0.190978,2.36875,13.604
1644314674,118,673509,46385.5,9,10,17,39,17.1767,41.3433,13.0358,0.160848,2.3911,15.6121
1644314674,119,641373,10834.8,9,11,18,45,17.5133,42.5967,13.3728,0.242105,2.02813,15.6857
1644314674,120,1.12553e+06,34997.7,9,12,17,41,17.3067,42.48,14.6635,0.177031,2.43364,17.2969
1644314674,121,811724,22676.2,9,10,18,42,17.3,42.4233,12.3427,0.187653,2.28529,14.8417
1644314674,122,1.1682e+06,87499.3,9,12,17,42,17.3833,41.9933,15.8006,0.157794,2.18395,18.1663
1644314674,123,706805,54116.3,9,11,17,42,17.26,41.3167,13.3621,0.15405,2.23699,15.7711
1644314674,124,741258,20345.9,9,15,18,43,17.2033,41.2533,12.3312,0.199323,2.35866,14.9098
1644314674,125,923079,42875,9,17,18,42,17.39,41.5667,12.5809,0.197132,2.51548,15.3158
1644314674,126,1.30189e+06,18425.8,9,12,18,47,17.6567,42.5167,11.325,0.177001,1.97407,13.4965
1644314674,127,811440,19587.7,9,17,17,40,17.69,42.86,12.6359,0.231174,2.13068,15.0152
1644314674,128,519536,57520.2,9,15,17,40,17.7867,43.5167,13.2825,0.23038,2.46594,15.9979
1644314674,129,641866,37906.5,9,10,17,41,17.73,43.7633,12.6922,0.156889,2.43872,15.3085
1644314674,130,885391,44892.9,9,7,17,41,17.3267,42.58,10.4948,0.163732,1.59363,12.2833
1644314674,131,885361,88743.5,9,4,17,40,17.19,41.07,15.2021,0.17805,2.36249,17.7648
1644314674,132,1.00172e+06,61031.3,9,5,17,44,17.2833,41.9967,13.6408,0.15119,2.49807,16.3158
1644314674,133,811724,46277.7,9,6,17,42,17.3833,42.48,13.2587,0.137274,2.54438,15.9609
1644314674,134,811843,43084.5,9,6,17,41,17.4,42.5633,13.7742,0.138021,2.47958,16.4142
1644314674,135,775967,48926.4,9,8,17,42,17.2667,42.37,13.5644,0.147475,2.41802,16.1507
1644314674,136,707205,42162.2,9,7,17,42,17.26,42.2767,13.3488,0.145734,2.47478,15.9881
1644314674,137,1.12504e+06,56967.1,9,9,18,44,17.4267,42.47,12.7845,0.169835,1.55032,14.5318
1644314674,138,641058,26126.3,9,12,18,45,17.8633,43.3533,9.38565,0.163931,2.34163,11.9144
1644314674,139,578545,48907,34,9,18,45,17.8967,43.48,9.68488,0.240929,2.46082,12.4071
1644314674,140,961685,53297.2,9,7,18,43,17.9,43.4933,12.3324,0.155305,2.53909,15.0474
1644314674,141,641398,38030,9,6,17,41,17.8233,43.2133,11.8635,0.150802,2.54122,14.5781
1644314674,142,579430,35003.7,9,8,19,46,17.45,43.2567,13.0805,0.096735,2.48514,15.6851
1644314674,143,548470,43688.4,400,12,18,46,17.6567,43.8833,10.9527,0.161751,1.98337,13.1165
1644314674,144,961654,25150.7,9,13,18,45,17.41,44.05,11.0459,0.201003,2.02935,13.3015
1644314674,145,410640,14806.5,9,8,17,43,17.3967,43.9967,11.0575,0.145999,2.44572,13.6658
1644314674,146,463330,11081.4,9,11,19,46,17.88,44.3533,10.2641,0.152751,2.51319,12.9493
1644314674,147,292375,12056.6,9,12,19,46,17.8267,43.7967,11.4658,0.156944,2.45956,14.1012
1644314674,148,673674,61956.6,9,12,17,40,17.7633,45.2833,13.8667,0.183105,2.61739,16.6884
1644314674,149,385207,32503.9,9,8,19,45,18.0133,47.15,11.4162,0.143245,2.36554,13.9461
1644314674,150,463468,35855.4,9,11,17,43,17.87,46.93,11.9851,0.175868,2.51335,14.6972
1644314674,151,740941,48404.6,9,13,18,49,17.9533,46.48,15.1718,0.17663,2.4949,17.8653
1644314674,152,641274,33839.3,9,15,18,50,17.63,46.04,12.7644,0.214617,2.32243,15.3241
1644314674,153,1.04205e+06,55901.3,9,13,17,40,17.2933,44.26,14.7478,0.235434,2.44866,17.4518
1644314674,154,923210,31604.1,9,13,18,50,17.1567,43.5033,14.1214,0.203072,2.42323,16.77
1644314674,155,848613,30617.9,9,15,18,48,17.3367,43.9467,13.303,0.179307,2.39803,15.9025
1644314674,156,847727,44760,9,19,17,42,17.4367,44.4233,14.0741,0.217937,2.43031,16.7445
1644314674,157,641230,59392.3,9,15,17,41,17.2,43.0567,14.1231,0.208874,1.8531,16.2066
1644314674,158,609749,40956.8,9,9,17,42,17.1,42.8933,11.5857,0.182394,2.16227,13.9507
1644314674,159,811743,28494.3,9,12,17,40,17.3533,43.3233,13.5671,0.161864,2.52769,16.277
1644314674,160,923249,19098.2,9,15,18,48,17.46,44.2633,11.7202,0.172984,1.55474,13.4659
1644314674,161,922757,124055,9,15,17,42,17.6867,44.43,18.2884,0.229317,2.09131,20.6329
1644314674,162,885040,65849.5,9,9,17,42,17.4767,44.04,14.4652,0.197491,2.54722,17.2304
1644314674,163,885554,37052.3,9,8,17,42,17.71,44.8167,13.2639,0.183194,2.32435,15.7963
1644314674,164,923206,58092.1,9,10,19,45,17.4967,44.1167,14.6763,0.181115,1.90064,16.7809
1644314674,165,1.00185e+06,70924.6,9,11,17,41,17.48,43.82,15.2524,0.165757,1.623,17.0601
1644314674,166,609475,52557.2,9,10,18,47,17.86,47.33,12.8889,0.206711,2.39526,15.5127
1644314674,167,847911,45448,9,8,18,47,17.9267,46.61,14.8752,0.157745,2.39122,17.4476
1644314674,168,961620,115415,9,11,18,47,18.1167,46.3667,16.7522,0.186422,2.52982,19.4922
1644314674,169,1.0015e+06,86473.4,9,13,18,45,18.2267,46.23,15.975,0.262088,2.6583,18.9347
1644314674,170,923106,57283.6,9,9,18,43,18.3067,47.0233,15.0214,0.231152,2.27199,17.5618
1644314674,171,1.25585e+06,73252,9,13,18,48,18.0667,45.6933,16.1316,0.199015,2.64727,19.0055
1644314674,172,811360,69509.7,9,12,18,48,18.22,46.6633,15.3554,0.19912,2.57767,18.1574
1644314674,173,847833,84124.7,9,10,18,48,18.0533,46.9033,17.0778,0.149132,2.33963,19.587
1644314674,174,885375,77170.3,9,13,18,45,18.11,46.1733,15.2385,0.197588,2.20609,17.6608
1644314674,175,436619,42744.6,9,11,18,45,18.23,46.2033,14.1523,0.175966,2.59442,16.9419
1644314674,176,923550,23542.2,9,14,18,48,18.4267,47.7,13.321,0.168283,2.58559,16.093
1644314674,177,847801,73091.5,9,15,18,46,18.13,47.0633,14.1689,0.21968,2.56314,16.9725
1644314674,178,1.21223e+06,63573.3,9,14,18,48,18.13,47.02,16.3404,0.225118,2.6255,19.217
1644314674,179,1.08363e+06,56414.3,9,11,18,47,18.3233,47.0133,16.0711,0.201441,2.14571,18.4434
1644314674,180,1.21224e+06,57815.4,9,11,18,45,18.2967,47.1867,17.6838,0.16057,2.533,20.4015
1644314674,181,811625,67210.1,9,12,19,50,18.4933,48.5867,17.0198,0.175746,2.29053,19.5088
1644314674,182,1.16845e+06,42564.5,9,17,18,42,18.6033,47.86,14.024,0.196924,2.64904,16.8932
1644314674,183,885228,52088.3,12,17,19,50,18.7967,48.55,17.4159,0.226445,2.15988,19.8261
1644314674,184,847953,104015,9,15,19,50,18.5133,47.8333,18.0253,0.224632,2.648,20.9258
1644314674,185,1.16852e+06,47802.9,9,12,19,50,18.5,48.6267,16.0553,0.206959,2.29223,18.5825
1644314674,186,811478,68191.6,9,14,18,47,18.82,49.6933,13.7933,0.244219,2.58884,16.6508
1644314674,187,811376,43128.5,9,13,19,51,18.85,50.5367,16.2444,0.177821,2.32155,18.7655
1644314674,188,923300,37757.7,9,9,19,50,18.67,49.1333,14.7517,0.210634,2.69444,17.6811
1644314674,189,1.1683e+06,65964.1,9,8,19,51,18.9567,50.1267,16.5426,0.187913,2.70597,19.4612
1644314674,190,811648,47183.6,9,9,20,52,18.72,49.3033,14.3853,0.168076,2.69749,17.2742
1644314674,191,811566,28079.3,9,12,19,52,18.8133,49.4367,13.5465,0.219682,2.66487,16.4591
1644314674,192,847893,25709.9,9,11,21,53,18.7933,49.3367,13.8542,0.184895,2.12113,16.1845
1644314674,193,490842,21443.9,9,10,18,46,18.4933,47.9867,12.6935,0.181305,2.65918,15.5567
1644314674,194,811585,38225.1,9,14,19,52,18.9133,48.96,13.9348,0.198988,1.95888,16.1158
1644314674,195,609311,27674.4,9,12,21,52,18.7867,48.7233,11.6128,0.228332,2.58993,14.4536
1644314674,196,491039,50925.3,9,13,19,47,18.8967,49.15,12.7289,0.195669,1.96699,14.9134
1644314674,197,741014,21612.2,9,13,21,53,19.0367,49.5233,13.0916,0.279611,3.85349,17.2573
1644314674,198,1.00176e+06,80317.3,9,13,21,53,19.8567,51.2533,17.59,0.251595,2.35804,20.2333
1644314674,199,410595,23085.2,9,11,21,53,19.2367,49.7933,12.6573,0.209897,2.48642,15.377
1644314674,200,410580,78348.2,9,9,18,46,18.3633,47.7033,16.6532,0.266699,2.12955,19.0842
1644314674,201,578793,47716.5,9,6,22,53,18.4533,48.3,14.996,0.227509,2.76238,18.0232
1644314674,202,1.00164e+06,64401.6,9,6,22,57,19.4933,50.1,15.0438,0.213127,2.73033,18.0227
1644314674,203,923109,79940.6,9,5,18,49,18.9833,49.1733,16.1294,0.256291,2.69745,19.1262
1644314674,204,776037,83017,14,3,18,49,18.48,49.09,16.5814,0.326013,2.82868,19.7865
1644314674,205,1.16799e+06,105011,9,3,18,49,19.6167,51.0767,15.7396,0.109292,2.80132,18.6844
1644314674,206,848012,91794.9,9,4,18,49,18.8267,49.6933,17.2417,0.147026,2.84907,20.2651
1644314674,207,848070,46525.9,9,4,18,49,19.34,50.8,15.237,0.134918,2.77271,18.1688
1644314674,208,1.04186e+06,89947.4,9,8,18,50,19.24,50.2767,17.5031,0.171991,2.80073,20.4997
1644314674,209,1.00169e+06,40132.5,9,4,18,48,18.9167,49.8567,14.059,0.148025,2.71067,16.9423
1644314674,210,1.49018e+06,46138.9,9,10,18,49,18.7033,49.4867,13.5108,0.181499,2.64221,16.3542
1644314674,211,962242,58035.1,9,10,18,48,18.2733,48.0767,11.06,0.184024,2.45951,13.7247
1644314674,212,885376,105634,9,11,19,50,18.4733,49.1433,17.092,0.172619,2.37503,19.6612
1644314674,213,962376,52719.9,9,6,18,49,18.3267,48.31,11.7774,0.15381,2.55686,14.5067
1644314674,214,1.00182e+06,27395.3,9,6,18,49,18.2,48.8467,12.5599,0.118096,2.35348,15.0524
1644314674,215,1.12522e+06,71542,9,8,19,49,18.4867,49.34,13.0605,0.143538,2.65248,15.8783
1644314674,216,811453,20240.7,9,9,18,47,18.8833,50.2167,11.4157,0.15252,1.90937,13.4989
1644314674,217,1.04199e+06,97414.2,9,9,18,49,18.39,49.28,19.0976,0.161859,2.38539,21.6683
1644314674,218,775792,34424.7,9,6,19,50,18.31,49.0633,16.5448,0.160028,2.60304,19.3314
1644314674,219,1.25619e+06,70778.6,9,12,18,49,18.46,49.2333,16.0689,0.155581,1.94154,18.1839
1644314674,220,776247,11469.3,9,13,18,48,18.6167,49.1467,11.8395,0.205923,2.57098,14.6361
1644314674,221,847646,59807.9,9,14,20,52,19.0767,49.92,13.6902,0.172002,2.55367,16.4435
1644314674,222,962436,69526.2,9,18,18,49,18.98,50,15.2748,0.209121,2.55501,18.0611
1644314674,223,775748,99799.7,9,17,18,49,18.5833,49.5533,15.2996,0.237307,1.86984,17.4287
1644314674,224,847950,51402.6,9,11,18,49,18.1267,48.7267,16.1312,0.201598,2.05752,18.4111
1644314674,225,885376,83229.1,9,11,18,48,18.56,48.94,16.3351,0.20278,2.522,19.0874
1644314674,226,884805,57850.7,9,15,20,52,19.1,49.7567,14.5794,0.220202,2.72615,17.5548
1644314674,227,847877,52420,9,17,20,52,19.1333,49.8833,13.5354,0.253161,1.76152,15.5737
1644314674,228,847460,117123,9,12,20,54,18.5833,48.75,20.3903,0.225967,2.55763,23.202
1644314674,229,741294,115044,9,8,20,50,18.99,49.7633,18.6879,0.149801,1.75683,20.6172
1644314674,230,1.0017e+06,223752,9,8,20,55,19.4233,52.62,24.3128,0.207455,2.67644,27.221
1644314674,231,962294,220194,9,5,18,49,19.2433,52.0567,22.4632,0.163575,2.82735,25.477
1644314674,232,885353,171427,9,6,19,49,19.2867,52.4333,24.0895,0.177859,2.75468,27.0468
1644314674,233,1.30167e+06,87203.8,9,8,20,55,19.06,51.59,16.2558,0.162364,2.67017,19.1141
1644314674,234,1.16812e+06,161807,9,10,20,55,18.8733,50.8733,20.2577,0.177166,1.49994,21.9579
1644314674,235,775917,102205,9,10,20,53,18.2367,50.5367,19.3492,0.265342,2.08495,21.7353
1644314674,236,885210,235655,9,11,18,50,18.8567,51.7767,26.6924,0.219934,2.06347,29.0115
1644314674,237,1.08324e+06,101676,9,9,18,48,19.3567,52.5033,18.8952,0.211216,2.6608,21.8042
1644314674,238,923272,82848.6,9,11,18,50,18.99,51.7633,19.5082,0.217971,2.69774,22.4608
1644314674,239,923540,20151.6,9,14,20,51,19.18,51.7167,14.0684,0.286774,2.66367,17.0603
1644314674,240,1.00194e+06,55244.6,9,18,18,50,18.4767,49.9633,17.085,0.261461,2.61639,19.9928
1644314674,241,961948,106667,9,16,18,51,18.56,50.25,17.741,0.280453,2.68381,20.7359
1644314674,242,1.30176e+06,122342,9,22,18,49,18.4767,50.1833,18.7484,0.215072,1.51082,20.4971
1644314674,243,707536,127284,9,17,18,49,18.91,51.1833,22.8675,0.270894,2.25239,25.4153
1644314674,244,641322,76513.1,9,9,18,49,19.7533,53.4867,19.6937,0.195914,2.75756,22.6774
1644314674,245,1.04208e+06,93569.1,9,8,18,50,18.7933,51.6833,17.0381,0.223805,2.72625,20.0146
1644314674,246,885027,69248.8,9,9,20,54,18.8667,51.8067,15.1156,0.185737,2.72433,18.0477
1644314674,247,923348,56617.2,9,10,18,50,19.28,52.6433,16.5626,0.210391,2.82898,19.6265
1644314674,248,1.04245e+06,72774,9,10,18,49,19.86,53.5067,16.6494,0.229256,2.76305,19.6653
1644314674,249,848160,64798.9,9,11,21,52,19.4,52.46,17.1345,0.246833,2.75905,20.1707
1644314674,250,1.49055e+06,74176.9,9,11,20,55,19.5967,52.5567,16.1021,0.229674,2.85519,19.2162
1644314674,251,811761,26015.3,9,14,18,48,19.43,52.21,14.1122,0.244853,2.77916,17.1638
1644314674,252,1.08316e+06,34338.8,9,14,18,49,19.4133,52.4067,13.8906,0.23381,2.77626,16.9255
1644314674,253,811411,66571.9,9,19,18,49,18.9333,51.7567,13.9761,0.278492,2.67614,16.955
1644314674,254,706655,88821,9,16,18,52,19.4133,52.7233,15.6147,0.245967,2.71772,18.6027
1644314674,255,1.25643e+06,96941.4,9,12,20,55,19.7833,53.5367,16.5915,0.218792,2.907,19.7376
1644314674,256,578760,45978.4,9,16,22,55,20.11,53.8133,14.7712,0.266641,2.8216,17.8826
1644314674,257,776091,87973.9,9,13,19,52,20.2667,53.51,20.187,0.276798,2.33906,22.8325
1644314674,258,1.16825e+06,59573,9,9,19,52,19.8333,53.3433,16.3127,0.197307,2.84647,19.3875
1644314674,259,848228,52199.7,9,7,20,56,19.4767,53.1867,15.149,0.18793,2.9306,18.2925
1644314674,260,811507,26438.6,9,11,20,55,19.3533,53.2233,13.0623,0.205282,2.78573,16.0751
1644314674,261,641310,18869.9,9,7,19,52,19.56,53.49,12.1464,0.218892,2.86501,15.2565
1644314674,262,923197,20542,9,7,20,55,19.8033,53.8767,12.4154,0.232438,3.14879,15.8291
1644314674,263,1.08355e+06,60453.2,16,9,20,56,20.06,55.35,16.8363,0.232892,2.24509,19.3465
1644314674,264,1.12585e+06,35186.2,9,10,20,56,20.31,56.21,12.6843,0.247401,2.94596,15.9096
1644314674,265,1.00188e+06,22563.4,9,5,21,59,20.4833,56.8667,13.184,0.179264,3.10439,16.4972
1644314674,266,1.08353e+06,29617.7,9,8,20,58,20.4033,56.77,13.3855,0.22519,2.97927,16.6253
1644314674,267,1.16813e+06,29771,9,10,21,59,20.4233,56.38,13.4377,0.20819,1.35532,15.0336
1644314674,268,707054,162599,9,4,22,60,20.96,58.8267,21.3733,0.213968,2.73756,24.3784
1644314674,269,674509,75362,9,2,20,57,21.0467,59.1567,17.6088,0.08108,1.69852,19.4106
1644314674,270,673817,67792,9,2,20,57,20.2733,57.6267,18.377,0.099279,2.92253,21.4289
1644314674,271,1.00192e+06,53186.2,9,3,20,57,20.36,57.8633,15.347,0.122151,3.13902,18.6356
1644314674,272,1.12543e+06,115273,9,3,21,59,20.8933,59.22,17.678,0.167998,3.17023,21.0453
1644314674,273,776186,56586.8,9,2,21,59,20.9733,59.1633,15.1464,0.13917,3.24301,18.5572
1644314674,274,776000,52328.4,9,2,21,59,21.0767,59.2733,14.0253,0.079576,3.21068,17.3389
1644314674,275,1.30165e+06,42984.7,9,3,22,59,21.07,59.2467,14.2064,0.128559,3.1734,17.532
1644314674,276,641613,54900.2,9,4,21,61,21.11,59.0267,14.7998,0.15237,3.08782,18.0701
1644314674,277,707033,43022.8,9,5,21,59,21.26,59.19,16.8674,0.192413,3.29964,20.4064
1644314674,278,741024,32739.6,9,4,22,61,21.3533,59.1,14.8357,0.152001,3.25121,18.2773
1644314674,279,775855,36512.1,9,8,22,58,21.43,59.0767,15.4904,0.164579,3.07493,18.7634
1644314674,280,847775,22991.4,9,9,22,60,21.42,59.06,12.0594,0.200181,3.20436,15.4945
1644314674,281,707174,61991.2,9,9,24,63,21.4033,58.8967,14.9059,0.17603,3.30981,18.4203
1644314674,282,923304,60436,9,8,22,61,21.16,58.8567,14.0816,0.176204,3.14716,17.428
1644314674,283,706843,61891.5,9,11,21,59,21.2133,59.3233,14.458,0.188909,3.17909,17.8531
1644314674,284,1.00197e+06,41207.3,9,9,21,59,21.2033,59.1867,13.0466,0.184503,1.71365,14.9735
1644314674,285,578848,138201,9,9,21,57,21.0933,57.65,19.2655,0.234955,3.10997,22.6414
1644314674,286,741164,128202,9,6,21,58,21.07,57.68,19.9135,0.201723,3.20678,23.3691
1644314674,287,549008,51689.6,9,4,21,59,21.2667,59.0267,14.0675,0.182866,3.22441,17.5083
1644314674,288,673799,41639.9,9,5,21,59,21.2767,58.68,13.3213,0.172306,3.24598,16.7661
1644314674,289,812123,59114.3,9,4,21,58,21.3533,58.7667,15.2203,0.218859,3.38636,18.859
1644314674,290,741064,47262.8,9,3,21,57,21.47,59.0033,13.3569,0.105986,3.40995,16.8989
1644314674,291,885185,85624.5,9,8,22,61,21.4867,58.7067,16.7034,0.188313,3.29708,20.2173
1644314674,292,707317,42618.5,9,8,21,57,21.5967,58.4733,14.332,0.191514,1.88605,16.4388
1644314674,293,740825,132987,9,10,22,58,21.9133,60.4133,16.2938,0.149243,2.41216,18.8778
1644314674,294,1.12542e+06,64912.6,9,5,22,59,21.9533,60.6333,12.6428,0.151127,3.43303,16.2534
1644314674,295,885346,65027.9,9,5,22,60,22.0633,60.4867,14.6523,0.142664,3.4084,18.2308
1644314674,296,923368,59596.2,9,3,22,62,22.0567,60.4633,12.5565,0.1506,3.44239,16.1733
1644314674,297,741000,39133.8,9,7,22,60,22.09,60.4733,10.4418,0.191951,3.50716,14.17
1644314674,298,775925,71547.8,9,7,23,62,22.1333,60.7733,16.829,0.18298,2.34368,19.3924
1644314674,299,923401,92071.7,9,6,22,63,22.0933,60.53,20.6272,0.220271,3.4284,24.3144
1644314674,300,962043,59025.3,9,6,22,59,22.1333,60.72,13.3803,0.208193,3.4798,17.1003
1644314674,301,885156,79151.6,9,3,22,61,22.1833,60.59,40.3027,0.343749,5.40032,46.1095
1644314674,302,641327,31059.7,9,5,22,61,22.2167,60.7,22.2472,0.323253,3.55625,26.2215
1644314674,303,1.21186e+06,234040,9,6,22,61,22.0633,61.23,32.9674,0.262948,3.35927,36.6412
1644314674,304,1.30176e+06,131603,9,5,22,61,22.06,61.1433,21.8055,0.170732,3.51427,25.524
1644314674,305,1.85215e+06,122196,9,3,22,63,22.06,61.0433,18.8448,0.203789,3.58485,22.6661
1644314674,306,1.21216e+06,86627.1,9,2,23,64,22.1,61.2867,19.2155,0.161932,3.49606,22.9037
1644314674,307,1.04217e+06,64091.7,9,2,22,61,22.12,61.3333,14.3922,0.111987,3.60625,18.1409
1644314674,308,1.08359e+06,70689,9,2,23,65,22.1833,61.29,16.9652,0.112758,3.53048,20.6409
1644314674,309,1.04209e+06,92115.2,9,5,23,61,22.2933,61.3167,17.2575,0.193204,3.5775,21.0619
1644314674,310,1.3476e+06,99077.4,9,5,22,59,22.23,61.5167,18.5045,0.177715,3.56212,22.2788
1644314674,311,1.0836e+06,110296,9,4,22,60,22.2667,61.4433,19.6345,0.181025,3.08788,22.9359
1644314674,312,775786,65445,9,7,22,62,22.15,60.7333,15.8746,0.191719,3.10848,19.2059
1644314674,313,923370,111959,9,6,22,61,22.1,60.5967,15.5056,0.177748,3.56058,19.2701
1644314674,314,847824,35747.7,9,10,23,64,22.2033,61.2067,13.3238,0.205516,3.39845,16.9575
1644314674,315,1.00157e+06,38910.2,9,16,22,61,22.1533,61.2567,14.7115,0.269633,3.08327,18.0948
1644314674,316,1.00168e+06,59246.6,9,16,24,66,22.5433,62.51,15.2832,0.228523,2.94257,18.4824
1644314674,317,1.16838e+06,59478.1,9,12,24,65,22.97,63.1833,16.4479,0.295731,3.6928,20.4663
1644314674,318,848214,88037.8,9,8,23,64,23.16,63.9333,17.4878,0.292732,2.24702,20.0633
1644314674,319,1.12542e+06,169058,9,5,23,63,23.3233,64.8367,20.8862,0.274424,3.80425,24.9982
1644314674,320,741090,146774,9,5,23,65,23.24,65.0233,20.4817,0.271166,3.71181,24.5044
1644314674,321,1.00234e+06,154826,9,5,23,64,23.1633,65.3433,23.9441,0.22665,3.8125,28.0163
1644314674,322,1.08353e+06,194341,9,4,23,64,23.0633,65.24,25.9311,0.238757,2.58451,28.7902
1644314674,323,1.00156e+06,62559.9,9,5,23,64,23.5333,65.7733,15.9418,0.225586,3.75216,19.9542
1644314674,324,848303,87627,9,4,23,65,23.17,65.2867,17.4463,0.279672,3.79293,21.5683
1644314674,325,775970,105118,9,3,23,65,23.13,65.3367,18.048,0.166637,3.83871,22.0954
1644314674,326,962484,127110,9,5,23,65,23.07,65.4,19.4033,0.222821,3.81276,23.4756
1644314674,327,491257,84010.3,9,5,23,66,23.0633,65.2967,16.322,0.203272,3.65741,20.211
1644314674,328,847866,129539,9,5,23,66,23.06,65.4,19.0575,0.220238,3.72171,23.039
1644314674,329,1.16815e+06,144003,9,6,23,65,23.1033,65.32,19.5771,0.204385,3.69176,23.5047
1644314674,330,1.12553e+06,161511,9,6,24,66,23.09,65.3033,20.4417,0.213088,3.20623,23.9023
1644314674,331,1.04228e+06,111331,9,7,23,64,23.1267,65.9767,30.2967,0.31246,3.27318,33.9458
1644314674,332,1.53997e+06,108366,9,8,23,64,23.13,65.7767,36.725,0.324902,3.14969,40.2684
1644314674,333,923439,120914,9,7,23,64,23.1367,65.43,23.0147,0.243883,3.57706,26.8788
1644314674,334,1.04199e+06,84298.5,9,9,23,62,23.1433,65.4067,16.3297,0.253996,3.68491,20.3038
1644314674,335,1.08341e+06,125720,9,10,23,62,23.11,65.24,20.3363,0.226472,2.90064,23.4969
1644314674,336,741080,100709,9,12,24,68,23.4367,65.9333,19.6072,0.283597,2.63479,22.5609
1644314674,337,1.442e+06,129491,9,15,23,65,23.17,65.2033,20.7793,0.323128,2.66024,23.7938
1644314674,338,1.08333e+06,134449,9,15,23,65,23.4233,65.64,21.105,0.271828,3.71426,25.1266
1644314674,339,1.00246e+06,153467,9,9,23,67,23.68,66.42,23.4664,0.283117,3.7664,27.5527
1644314674,340,923538,68178.7,9,9,23,66,23.3467,66,17.0021,0.397665,3.76741,21.221
1644314674,341,1.16843e+06,58991.1,9,7,23,65,23.5,66.06,16.3041,0.255839,3.93432,20.5303
1644314674,342,885116,107336,9,10,23,66,23.5667,66.33,17.8104,0.253892,3.64155,21.7428
1644314674,343,1.08351e+06,37299.9,9,13,24,69,23.58,66.0967,15.3497,0.27669,3.71306,19.3726
1644314674,344,1.12563e+06,81115.1,9,18,23,64,23.5467,66.1733,19.116,0.32199,2.39792,21.8718
1644314674,345,1.04228e+06,164865,9,17,23,63,23.3933,64.6,22.1852,0.363917,3.4674,26.051
1644314674,346,1.3017e+06,278999,9,12,23,65,23.2533,64.66,28.7263,0.333419,2.88619,31.9844
1644314674,347,1.04246e+06,115916,9,6,23,65,24.23,66.1567,21.7154,0.331572,3.96888,26.0541
1644314674,348,1.04207e+06,143965,9,6,25,67,24.5267,66.9833,18.9359,0.213609,3.91543,23.1036
1644314674,349,775865,69317.7,9,7,25,68,24.13,66.4633,16.5767,0.28469,3.73811,20.6399
1644314674,350,1.08395e+06,70182.1,9,5,24,64,23.7233,65.3667,16.8314,0.201197,3.85615,20.9236
1644314674,351,962069,63384.5,9,9,26,70,24.47,66.78,12.6374,0.244066,3.91474,16.8273
1644314674,352,673807,69167.2,9,10,23,63,24.48,66.7267,15.4103,0.269234,3.60852,19.3295
1644314674,353,1.00174e+06,70872.1,9,11,26,71,23.6467,65,19.2911,0.268348,3.66979,23.265
1644314674,354,923351,75570.9,9,15,23,64,23.4233,64.3567,18.1075,0.284369,3.29321,21.7182
1644314674,355,885788,89249.3,9,11,23,66,23.5933,65.2933,16.5396,0.279165,3.40725,20.2617
1644314674,356,1.00145e+06,42193.2,9,14,23,63,23.55,65.62,14.9877,0.274284,3.1061,18.4016
1644314674,357,811464,104480,9,8,24,61,23.6133,64.0433,18.9139,0.251383,3.71246,22.9063
1644314674,358,1.12544e+06,118236,9,10,24,67,23.9967,64.8867,20.0644,0.243802,3.83928,24.179
1644314674,359,886061,138865,9,7,24,63,24.0633,64.4933,22.7382,0.25257,3.86051,26.8856
1644314674,360,923290,84934.5,9,7,24,61,24.0233,64.22,16.8726,0.258893,3.68838,20.855
1644314674,361,962093,85347.3,9,6,24,63,24.05,64.52,15.0728,0.262467,3.9173,19.2864
1644314674,362,1.08338e+06,99705.1,9,7,24,62,24.0367,65.1267,16.5326,0.171339,3.73353,20.4706
1644314674,363,1.16858e+06,48283.7,9,5,25,64,24.0667,64.8267,17.3248,0.235333,3.83635,21.4305
1644314674,364,1.00191e+06,111223,9,7,24,65,24.0867,64.79,20.1979,0.203055,4.00091,24.4295
1644314674,365,962037,93131,9,7,24,63,24.0433,65.34,19.281,0.233653,3.79651,23.351
1644314674,366,1.00164e+06,105064,9,8,24,63,24.0567,65.14,18.6229,0.221592,2.30592,21.1785
1644314674,367,923390,42442.7,9,6,24,67,24.6267,66.22,15.8828,0.246273,3.83424,19.996
1644314674,368,1.16841e+06,67985.7,9,6,25,68,24.3867,66.0533,17.232,0.235985,3.89851,21.4031
1644314674,369,848122,57107.5,9,7,25,68,24.42,66.8433,19.5321,0.301352,2.35898,22.249
1644314674,370,1.00184e+06,160559,9,9,24,69,24.1,64.6767,23.571,0.310973,3.74604,27.67
1644314674,371,1.00168e+06,82617.8,9,5,24,65,24.11,64.9133,15.6132,0.209019,2.32758,18.1874
1644314674,372,1.21207e+06,180803,9,5,24,65,24.1367,64.8733,21.1096,0.227756,3.71179,25.0808
1644314674,373,1.08357e+06,147218,9,5,24,65,24.0733,65.6133,22.7033,0.208442,3.99835,26.9477
1644314674,374,673877,133731,9,5,24,67,24.21,66.32,23.9466,0.327044,3.87665,28.1947
1644314674,375,847916,149261,9,3,25,69,24.4333,67.1933,23.0214,0.237454,3.90512,27.2084
1644314674,376,962214,75285.6,9,5,24,62,24.4733,66.7067,16.1769,0.217815,3.69845,20.1306
1644314674,377,811746,77945,9,5,24,66,24.07,66.6933,16.006,0.24123,3.71555,20.0047
1644314674,378,1.00183e+06,75772.8,9,5,24,68,24.0767,67.1067,16.987,0.222402,2.76733,20.0114
1644314674,379,811997,149806,9,7,25,70,24.5,68.9967,26.0667,0.226807,3.90616,30.2339
1644314674,380,811529,150960,9,3,25,70,24.7633,69.8167,30.5073,0.223863,2.52711,33.3107
1644314674,381,1.04215e+06,215622,9,3,24,65,24.3167,67.76,29.2624,0.222503,3.93367,33.4546
1644314674,382,848489,124375,9,2,25,71,24.2833,67.66,20.4877,0.14125,3.98417,24.6516
1644314674,383,1.00197e+06,129739,9,3,27,71,24.5533,68.24,22.8648,0.206109,3.99518,27.1094
1644314674,384,1.30156e+06,110132,9,2,24,65,24.5467,68.3233,21.2622,0.13091,3.99994,25.4286
1644314674,385,885020,136365,9,3,26,69,24.2567,67.8533,19.5716,0.215577,3.91144,23.7349
1644314674,386,1.0421e+06,83990.2,9,4,25,68,24.3933,67.7667,16.4283,0.187652,3.84333,20.4971
1644314674,387,885090,169812,9,6,24,66,24.34,67.42,25.7171,0.242855,4.08684,30.0856
1644314674,388,1.12533e+06,162619,9,6,26,69,25.11,68.0633,21.2784,0.238315,4.08883,25.641
1644314674,389,923355,116163,9,5,26,69,25.7333,68.4833,20.9655,0.122582,3.90926,25.034
1644314674,390,885306,134846,9,4,24,66,24.76,67.5667,19.0128,0.220412,3.97443,23.24
1644314674,391,811489,95481.6,9,7,26,67,24.9733,68.2733,18.6601,0.243556,3.49932,22.4387
1644314674,392,848004,99966.9,9,7,24,65,25.22,69.2067,18.8712,0.265144,4.01901,23.1917
1644314674,393,812437,99932,9,8,26,69,25.2067,68.9367,19.4774,0.267676,3.97804,23.7627
1644314674,394,847792,52635.6,9,12,24,67,25.4767,68.83,14.6013,0.262378,2.34883,17.25
1644314674,395,848053,164039,9,13,26,69,24.5,67.2367,23.1042,0.351087,3.76141,27.255
1644314674,396,1.21198e+06,79910.4,9,12,26,71,24.63,68.2,18.6375,0.280955,3.51183,22.4655
1644314674,397,706770,90048.7,9,11,24,68,24.6533,68.3367,15.9837,0.272223,2.22692,18.5176
1644314674,398,885277,126440,9,8,26,71,25.6967,70.47,22.9606,0.275728,3.91618,27.1858
1644314674,399,1.08338e+06,173215,9,4,26,71,25.5233,70.4933,23.3842,0.240481,4.12191,27.7842
1644314674,400,923358,130634,9,4,24,66,25.3133,70.51,19.6349,0.236476,4.06182,23.9801
1644314674,401,923154,85975.2,9,3,26,73,25.3733,70.7567,17.4399,0.180764,4.31581,21.976
1644314674,402,674103,79722.2,9,3,26,73,25.5533,71.2133,17.6411,0.173995,4.14394,21.9968
1644314674,403,609637,76246.5,9,3,24,66,25.21,70.52,17.5074,0.176908,3.75559,21.4704
1644314674,404,962177,56235.7,9,6,26,72,25.2333,70.2267,17.6961,0.203751,4.12978,22.0631
1644314674,405,741314,76180.6,9,9,26,70,25.6733,71.1467,20.805,0.306347,3.68804,24.8478
1644314674,406,1.00171e+06,134207,9,7,24,69,24.5667,69.68,20.6293,0.241641,3.93236,24.8369
1644314674,407,1.08326e+06,53852.8,9,9,26,72,24.74,69.93,14.5764,0.252339,2.75633,17.6235
1644314674,408,1.0016e+06,100812,9,7,26,72,25.0767,71.57,18.7576,0.264796,4.03565,23.0949
1644314674,409,775845,71995.5,9,6,26,74,25.2533,71.9933,14.9208,0.247739,4.24465,19.4527
1644314674,410,1.21201e+06,88959.7,9,8,26,74,25.4233,72.2267,16.7137,0.232552,4.06853,21.048
1644314674,411,1.12534e+06,58183.2,9,5,26,76,25.9433,72.48,14.0621,0.245506,4.25151,18.6114
1644314674,412,1.25631e+06,86761.7,9,8,26,71,25.7933,72.1833,17.0066,0.251829,4.17738,21.4732
1644314674,413,1.25609e+06,108986,9,8,25,73,25.4133,72.4167,18.2941,0.319055,4.15549,22.8047
1644314674,414,848197,78753,9,4,26,72,25.8033,71.5133,21.746,0.278338,3.11652,25.1839
1644314674,415,848332,77034.6,9,5,26,72,25.3933,72.44,22.0805,0.250374,4.15458,26.5319
1644314674,416,1.16848e+06,84796.7,9,6,26,73,25.5667,72.5833,19.5342,0.242547,4.11773,23.9341
1644314674,417,1.00172e+06,80384.9,9,8,26,73,25.7533,72.3567,19.3279,0.28512,3.82622,23.4762
1644314674,418,1.04246e+06,157615,9,11,26,72,26.04,72.6233,25.0819,0.301387,2.37082,27.7946
1644314674,419,962003,222593,9,4,26,69,25.9367,70.02,25.884,0.196819,4.24092,30.3611
1644314674,420,923413,116880,9,2,26,72,26.0467,71.05,18.5231,0.188999,4.09105,22.8392
1644314674,421,1.08345e+06,104822,9,3,26,73,26.07,71.3633,22.0637,0.211613,4.20181,26.5119
1644314674,422,885454,69905.4,9,2,26,73,26.06,71.4267,16.8737,0.223492,4.118,21.2573
1644314674,423,1.1256e+06,84658.8,9,3,26,70,26.1,71.3833,17.5244,0.188541,4.16007,21.9099
1644314674,424,1.39475e+06,77921.3,9,4,26,71,26.15,71.3733,19.006,0.204824,4.2241,23.4729
1644314674,425,1.0422e+06,74868,9,7,26,72,26.2367,71.1533,19.0901,0.302387,2.52993,21.9701
1644314674,426,923649,44807.8,9,5,26,72,26.1167,72.4567,18.8781,0.294923,4.07001,23.2878
1644314674,427,1.08376e+06,78122.8,9,6,26,73,26.1367,73.2733,21.5586,0.266933,3.24783,25.1191
1644314674,428,1.00196e+06,122623,9,4,27,72,26.63,71.07,21.5528,0.150557,4.33735,26.0809
1644314674,429,1.16834e+06,137537,9,7,27,73,26.53,72.0433,21.0621,0.26092,3.6632,25.0262
1644314674,430,1.49058e+06,197962,9,6,26,71,26.3333,72.4033,26.3219,0.247194,2.72161,29.3344
1644314674,431,1.08327e+06,85093.5,9,5,26,71,26.65,72.1867,23.3614,0.255963,2.73311,26.3881
1644314674,432,1.30165e+06,223753,9,4,26,72,26.1233,72.25,26.3794,0.191757,4.17576,30.7878
1644314674,433,776104,161978,9,4,26,71,26.32,73.43,24.0047,0.243678,4.28474,28.5722
1644314674,434,1.08352e+06,93717.6,9,5,26,71,26.16,72.9733,17.3929,0.220966,4.0317,21.6832
1644314674,435,1.16811e+06,88346,9,6,26,73,26.1767,72.8933,18.735,0.245381,4.10653,23.1262
1644314674,436,961757,91827.8,9,7,26,76,26.25,73.3067,18.2275,0.27933,4.22281,22.7715
1644314674,437,1.08396e+06,112351,9,5,26,73,26.1067,73.34,19.6891,0.279358,2.32871,22.3359
1644314674,438,848146,207661,9,4,26,75,26.0633,73.8933,28.7458,0.278664,4.1671,33.2314
1644314674,439,1.08319e+06,201729,9,2,26,74,26.0833,75.23,26.2791,0.143453,4.44464,30.913
1644314674,440,1.34801e+06,192501,9,3,27,77,26.16,74.6767,24.7915,0.212373,4.23083,29.2768
1644314674,441,1.25646e+06,106993,9,2,26,75,26.25,74.6867,17.856,0.153967,4.38459,22.4316
1644314674,442,1.16821e+06,79719.7,9,3,26,77,26.11,75.0233,15.1695,0.191943,4.40608,19.8033
1644314674,443,1.04288e+06,82181.8,9,7,26,74,26.15,75.14,19.9941,0.280133,4.27042,24.5895
1644314674,444,1.00191e+06,95048.9,9,9,26,78,26.1467,74.4167,20.7442,0.25478,3.00798,24.0447
1644314674,445,885408,116589,9,8,26,77,26.1,75.47,19.0578,0.293786,3.73574,23.129
1644314674,446,1.12518e+06,83827.8,9,6,27,78,26.23,75.4833,16.4721,0.184181,4.33461,21.0278
1644314674,447,811573,87063.3,9,4,26,78,26.27,75.4833,19.3611,0.215949,3.60669,23.2214
1644314674,448,1.12518e+06,193528,9,4,26,79,26.6733,74.56,22.6452,0.237733,4.33629,27.2618
1644314674,449,1.12577e+06,142327,9,3,26,77,26.52,75.17,22.3249,0.271058,4.29127,26.9431
1644314674,450,1.30146e+06,79123.2,9,5,26,80,26.8133,75.9133,16.4058,0.261843,4.2768,20.9908
1644314674,451,1.16838e+06,89024.5,9,10,26,78,26.5333,76.6233,18.8901,0.301501,3.0859,22.3194
1644314674,452,1.2562e+06,145978,9,8,26,76,26.1633,75.0033,28.2719,0.377267,4.44666,33.1566
1644314674,453,641446,78431.9,9,7,27,82,26.14,75.0733,18.4866,0.250636,4.21816,22.9991
1644314674,454,1.00173e+06,153469,9,5,26,78,26.22,74.9933,24.0601,0.264651,3.92403,28.2896
1644314674,455,962701,120152,9,5,26,70,26.51,75.6133,19.5373,0.267364,4.41383,24.2696
1644314674,456,962240,117121,9,4,27,80,26.4033,75.33,21.5372,0.238362,4.4447,26.2599
1644314674,457,1.00169e+06,53787.6,9,5,26,80,26.4767,78.91,17.801,0.137604,5.50855,23.4833
1644314674,458,885178,41080.2,9,6,26,76,26.94,78.9667,15.719,0.247322,4.45482,20.4589
1644314674,459,962485,98156,9,6,27,83,26.6767,79.8067,22.5729,0.254781,3.01446,25.8871
1644314674,460,1.39448e+06,106642,9,5,28,83,27.5467,81.8133,21.3911,0.268695,4.51809,26.218
1644314674,461,707084,41193.2,9,4,28,83,27.82,82.1067,15.5543,0.237035,4.6048,20.4406
1644314674,462,811629,64448.6,9,7,28,84,27.59,81.31,16.9015,0.249508,4.60467,21.7944
1644314674,463,1.04234e+06,76150.3,9,7,28,79,27.9167,81.5833,18.4983,0.303942,4.43234,23.2759
1644314674,464,1.21177e+06,167169,9,7,29,83,27.6767,80.6567,21.2098,0.307567,4.74664,26.3084
1644314674,465,1.30154e+06,158527,9,8,28,76,27.76,80.4033,21.9089,0.334937,4.67105,26.9654
1644314674,466,923991,77482,9,11,28,84,27.8567,80.4433,20.4145,0.328213,4.79671,25.5868
1644314674,467,1.21271e+06,103240,9,7,29,80,27.86,80.51,20.8654,0.279988,4.6458,25.8352
1644314674,468,923224,51738.2,9,9,28,79,28.1967,81.1433,18.493,0.3388,4.64857,23.5228
1644314674,469,1.16842e+06,52810.3,9,9,29,80,28.1867,81.6033,16.9211,0.281333,4.69644,21.9425
1644314674,470,1.21205e+06,72759,9,9,29,82,28.0333,81.9033,16.4698,0.354212,2.3873,19.2565
1644314674,471,1.30186e+06,171986,9,12,29,82,28.0467,82.45,28.8167,0.307742,4.43594,33.6104
1644314674,472,1.00243e+06,83785.2,9,9,29,83,28.6733,83.0033,20.2027,0.402936,4.76452,25.4163
1644314674,473,1.44224e+06,208592,9,5,29,82,28.8833,83.62,26.5469,0.369528,4.97868,31.9554
1644314674,474,1.30175e+06,135603,9,6,29,85,28.9833,84.0767,24.2712,0.321324,4.06766,28.7099
1644314674,475,1.12542e+06,46549.5,9,4,30,85,28.9767,84.2933,17.369,0.258342,4.91063,22.5831
1644314674,476,1.30189e+06,77182.3,9,6,30,86,28.7467,84.1533,21.0108,0.283772,4.44525,25.7877
1644314674,477,1.64049e+06,79366.9,9,5,30,87,28.6033,83.9267,17.1097,0.175681,4.96551,22.2925
1644314674,478,1.25652e+06,44924.4,9,6,30,83,28.9167,84.4133,15.8161,0.247907,4.82525,20.9332
1644314674,479,1.2123e+06,71140.1,9,9,30,87,29.0233,84.8467,18.9411,0.328557,4.82273,24.1379
1644314674,480,1.25649e+06,74841.6,9,9,29,83,29.0833,84.95,20.6104,0.331957,3.94853,24.9417
1644314674,481,885305,66007.5,9,8,28,83,28.8067,84.5367,18.1682,0.322184,5.03901,23.5758
1644314674,482,1.1254e+06,80787.7,9,8,30,88,28.9733,85.1567,16.5962,0.304644,4.93118,21.8732
1644314674,483,1.21176e+06,112464,9,7,30,89,29.0267,85.82,20.0725,0.27186,5.21887,25.6407
1644314674,484,1.12573e+06,83054.3,9,6,30,86,29.06,86.09,21.5466,0.560538,4.16498,26.3623
1644314674,485,1.0019e+06,185711,9,4,30,85,29.56,85.4,30.6817,0.515372,5.03605,36.312
1644314674,486,848055,95170.4,9,5,28,83,29.5033,86.2533,25.0884,0.364383,5.08716,30.6215
1644314674,487,924215,134868,9,5,29,84,29.1267,86.19,29.5243,0.564956,7.69663,37.884
1644314674,488,1.08337e+06,156153,9,3,31,86,29.1733,86.4267,24.8155,0.36705,6.48907,31.7413
1644314674,489,923156,115434,9,4,31,86,29.6733,87.2733,27.4083,0.457419,8.05205,36.019
1644314674,490,961965,101560,9,3,31,87,29.66,87.2767,22.2187,0.437518,5.39853,28.1412
1644314674,491,1.084e+06,98678.9,9,4,29,85,29.6067,87.1667,23.1885,0.394013,5.36641,29.0294
1644314674,492,1.04289e+06,172746,9,5,29,84,29.6233,86.9033,30.6791,0.440095,5.27611,36.4796
1644314674,493,1.49059e+06,77838.5,9,7,29,84,30.08,86.96,24.1103,0.483057,4.98953,29.6773
1644314674,494,1.00172e+06,157849,9,5,31,89,30.54,88.3867,31.3024,0.423669,5.2402,37.05
1644314674,495,707064,124559,9,3,30,84,30.4,86.7867,26.3608,0.358868,5.30178,32.1757
1644314674,496,1.21189e+06,188807,9,4,30,85,30.27,86.7333,29.7609,0.365485,5.38493,35.5968
1644314674,497,1.25638e+06,173950,9,4,30,86,30.3267,86.9667,30.9423,0.392361,5.29522,36.7097
1644314674,498,1.08347e+06,110363,9,3,30,87,30.3533,87.13,23.6966,0.284597,5.61815,29.6794
1644314674,499,1.3945e+06,137699,9,6,30,87,30.4467,87.44,23.1029,0.687669,7.7312,31.6569
1644314674,500,923492,64190.7,9,5,30,88,30.2767,87.2467,21.5385,0.572137,8.10601,30.3287
1644314674,501,1.08351e+06,80857.8,9,5,30,85,30.2767,87.4833,20.8335,0.532931,7.6231,29.0747
1644314674,502,884975,71357.4,9,7,30,84,30.2867,87.59,22.0932,0.478967,5.34325,28.0077
1644314674,503,848087,78904.2,9,7,30,87,30.1233,88.88,21.5315,0.462251,5.43532,27.5096
1644314674,504,707114,67989.5,9,7,30,92,30.0567,89.13,22.9431,0.481675,4.75995,28.2803
1644314674,505,579060,17460.1,9,8,31,89,30.2267,87.8433,17.4276,0.509059,5.18524,23.241
1644314674,506,1.21204e+06,115271,9,9,31,89,30.5433,88.6567,29.0413,0.495865,6.04818,35.6688
1644314674,507,1.34776e+06,85312,9,9,30,85,30.4733,88.57,26.4222,0.489576,5.45634,32.4534
1644314674,508,961745,137674,9,10,30,85,30.6167,88.5067,25.6719,0.713546,7.07644,33.5622
1644314674,509,1.58992e+06,134712,9,4,30,85,30.8133,89.88,24.1834,0.592603,6.00917,30.8815
1644314674,510,1.00191e+06,57734.2,9,7,30,88,30.9133,90.27,20.8079,0.39389,5.79287,27.0667
1644314674,511,923217,89200.7,9,9,30,85,30.76,91.0533,21.0424,0.418154,5.72113,27.2542
1644314674,512,1.49074e+06,103327,9,9,30,87,30.8567,92.0667,24.3276,0.412438,5.40051,30.2159
1644314674,513,962114,92453.9,9,7,31,93,30.7867,90.9467,23.3275,0.472472,5.73657,29.6149
1644314674,514,775994,71454.5,9,8,31,91,30.8567,90.7233,20.7306,0.668473,5.11993,26.6776
1644314674,515,776171,34537.2,9,12,31,90,30.68,90.5267,15.6998,0.587975,5.41869,21.7881
1644314674,516,1.00182e+06,81433,9,9,30,89,30.6967,90.5067,18.2934,0.462368,5.67198,24.5243
1644314674,517,923379,83276.8,9,11,31,88,30.9167,91.3333,20.6218,0.506406,5.66851,26.8796
1644314674,518,1.39468e+06,132330,9,7,31,90,30.9567,92.5567,27.9382,0.602499,4.74838,33.3866
1644314674,519,1.25671e+06,76247.4,9,6,30,88,30.6133,90.5333,20.8525,0.40257,5.34987,26.6908
1644314674,520,1.16827e+06,146330,9,5,30,88,30.6333,90.96,26.5796,0.481003,5.5366,32.7211
1644314674,521,962046,126996,9,4,31,94,31.0567,91.87,23.29,0.43231,6.04301,29.8639
1644314674,522,923139,46239.9,9,6,31,92,31.0933,92.3933,15.9187,0.486102,5.62991,22.1294
1644314674,523,1.08356e+06,105026,9,7,31,90,31.1267,92.5067,28.0187,0.685819,5.69864,34.5423
1644314674,524,1.25656e+06,134482,9,8,31,89,30.9767,92.1867,30.1644,0.648461,4.05858,34.9909
1644314674,525,962284,182946,9,7,32,94,30.9467,91.0467,33.8121,0.337401,5.09716,39.3476
1644314674,526,1.39493e+06,151620,9,5,31,93,31.2267,92,28.7575,0.49258,5.63634,34.9859
1644314674,527,1.04215e+06,128745,9,5,30,91,31.57,92.73,27.6294,0.538503,8.29728,36.5721
1644314674,528,707310,102777,9,4,30,91,31.6067,93.0033,23.1596,0.499103,6.03004,29.7784
1644314674,529,1.00202e+06,88794.4,9,6,32,96,31.57,92.9067,23.3533,0.407142,5.74388,29.5869
1644314674,530,1.30182e+06,163663,400,8,32,93,31.7533,92.8533,27.6227,0.495105,5.44869,33.6493
1644314674,531,1.16846e+06,86634.8,9,10,31,94,31.5533,93.83,21.8931,0.544281,5.66047,28.1997
1644314674,532,741325,83800.9,9,8,31,96,31.1367,94.05,21.6856,0.334057,4.93635,27.0414
1644314674,533,1.25591e+06,121810,9,7,32,92,31.59,93.2333,26.6364,0.524576,4.87994,32.1432
1644314674,534,1.00176e+06,81972.9,9,6,32,94,30.9133,92.5733,24.351,0.417942,5.54567,30.4341
1644314674,535,885326,76524,9,8,30,89,31.18,93.05,24.1793,0.480754,5.5859,30.3343
1644314674,536,923280,77750.8,9,8,31,91,31.01,92.4933,22.5117,0.733869,8.8757,32.2616
1644314674,537,885426,108924,9,8,30,87,30.97,92.3067,45.9372,0.502283,5.4578,51.9921
1644314674,538,741009,74831.3,9,9,31,97,31.2267,93.9667,26.3683,0.530934,5.44672,32.4312
1644314674,539,962350,97917.2,9,6,32,93,31.0067,91.1733,23.3553,0.422568,5.35581,29.201
1644314674,540,1.08342e+06,104576,9,4,31,88,31.1433,93.5267,22.2845,0.427787,5.50413,28.2943
1644314674,541,1.08323e+06,183727,9,5,31,96,31.1733,94.1533,27.2483,0.50655,5.75385,33.6185
1644314674,542,811712,86416.2,9,9,31,95,31.07,93.5,20.5942,0.435279,5.84109,26.949
1644314674,543,1.08352e+06,137953,9,4,31,86,31.3467,90.3767,25.2823,0.657277,6.18606,32.2249
1644314674,544,1.21168e+06,127936,9,6,30,88,31.15,88.21,23.3408,0.396319,2.92952,26.7358
1644314674,545,740955,117172,9,6,31,88,31.0633,87.95,26.746,0.426364,5.32287,32.5725
1644314674,546,811596,85697,9,3,31,88,31.2567,89.0633,23.7275,0.412222,5.41214,29.6346
1644314674,547,961919,102612,9,4,31,85,31.2333,88.9267,21.782,0.312187,5.71971,27.8816
1644314674,548,1.00163e+06,84510.6,9,5,32,87,31.38,88.99,21.3193,0.422902,5.4523,27.2753
1644314674,549,1.04225e+06,45414.4,9,4,31,88,31.5567,89.73,16.3262,0.376681,3.1711,19.9542
1644314674,550,961888,75125.2,9,3,31,87,31.2167,87.8833,26.3929,0.268376,5.42348,32.1564
1644314674,551,847999,60850,9,3,31,88,31.12,88.7433,21.8755,0.27841,5.45433,27.6785
1644314674,552,847923,69785.4,9,3,31,90,31.0967,89.5167,18.7153,0.306455,5.60231,24.6965
1644314674,553,1.00199e+06,65468.4,9,3,31,91,31.0367,89.49,23.4048,0.468636,5.35454,29.3048
1644314674,554,923591,101662,9,2,31,86,31.0267,89.56,26.2641,0.326325,5.50267,32.1698
1644314674,555,609792,81151.6,9,2,31,91,31.0567,89.3933,21.8836,0.258,6.20282,28.4167
1644314674,556,1.08323e+06,56862.6,9,1,32,85,31.11,89.3733,18.9511,0.248168,5.52399,24.8194
1644314674,557,1.04237e+06,80607.6,9,2,31,89,31.16,89.1733,25.3979,0.382731,5.46689,31.3383
1644314674,558,885077,45012.8,9,2,31,89,31.04,88.85,17.2113,0.217636,6.1016,23.6007
1644314674,559,1.16816e+06,78592.3,9,2,31,87,31.0567,89.4033,21.5943,0.30612,5.61664,27.5959
1644314674,560,848037,85094.8,9,3,31,89,31.12,89.44,27.018,0.360731,5.59775,33.0561
1644314674,561,776000,47824.1,9,4,31,91,31.1533,89.4767,19.7292,0.345068,5.73463,25.8827
1644314674,562,1.21201e+06,60011.6,9,3,31,93,31.1367,89.9933,21.8383,0.274888,5.77839,27.9703
1644314674,563,740866,37826.7,9,5,31,92,31.1633,90.0333,18.5134,0.311299,5.29089,24.1823
1644314674,564,706898,50559.8,9,4,31,92,31.26,90.1633,17.8514,0.270224,5.28886,23.47
1644314674,565,885062,68718.6,9,4,32,89,31.3133,90.5767,19.0945,0.471824,3.00561,22.6555
1644314674,566,1.34767e+06,95695.9,9,2,31,89,31.12,89.61,20.6182,0.203736,5.43514,26.316
1644314674,567,1.12538e+06,174314,9,3,31,87,31.17,90.57,22.9942,0.246415,5.13338,28.4356
1644314674,568,923301,107052,9,3,31,93,31.1733,90.68,21.5294,0.313768,5.99592,27.9168
1644314674,569,962246,109787,9,3,31,88,31.2167,90.7433,20.3373,0.209645,5.59787,26.2119
1644314674,570,885319,74636.3,9,3,31,90,31.1133,90.2933,18.0757,0.283285,2.76716,21.2065
1644314674,571,847761,254767,9,3,32,92,31.0733,87.59,32.5026,0.415222,5.76991,38.7942
1644314674,572,361323,82048.3,9,3,31,87,31.19,89.4133,21.8628,0.258729,2.94191,25.1347
1644314674,573,1.25636e+06,162762,9,2,31,90,31.0767,90.0967,30.9204,0.333187,5.77318,37.111
1644314674,574,885527,189086,9,3,31,90,31.1167,90.8733,33.8512,0.324005,5.63451,39.884
1644314674,575,1.0017e+06,55254.2,9,3,32,93,31.13,91.3933,17.3245,0.324076,5.46919,23.1926
1644314674,576,923639,35804.6,9,5,31,91,31.2267,91.4633,18.5157,0.414573,5.69205,24.6962
1644314674,577,1.21211e+06,144674,9,4,31,88,31.1733,92.07,27.2796,0.461148,5.42914,33.2568
1644314674,578,641559,68189.1,9,5,31,92,31.1567,92.2233,19.5869,0.378853,5.49264,25.5407
1644314674,579,1.16841e+06,98654.4,9,8,31,93,31.19,92.3133,20.7621,0.385803,4.8848,26.1076
1644314674,580,923329,81010.1,9,6,31,90,31.19,92.7633,22.8969,0.285822,6.29315,29.555
1644314674,581,1.53988e+06,95600.9,9,6,31,92,31.1833,92.7233,20.9734,0.520161,5.25885,26.8315
1644314674,582,1.00202e+06,58932.2,9,7,31,92,31.1267,92.8367,22.7682,0.385941,5.79932,29.0294
1644314674,583,1.21195e+06,71995,9,8,31,88,31.5367,92.5267,20.2834,0.486078,5.8034,26.6488
1644314674,584,885078,193628,9,6,31,85,31.75,92.1533,30.4725,0.566828,5.68297,36.8329
1644314674,585,1.12531e+06,188642,9,6,32,94,31.7333,92.2,27.4584,0.371125,6.04604,33.9532
1644314674,586,962601,103814,9,2,31,88,31.4633,90.7567,22.9988,0.394369,5.59409,29.0605
1644314674,587,1.30174e+06,141176,9,3,32,93,31.5667,91.4133,25.9896,0.351233,5.81846,32.2332
1644314674,588,923344,99333.4,9,4,32,95,31.5367,90.9333,24.3617,0.365258,5.53134,30.3352
1644314674,589,1.00196e+06,128116,9,4,31,89,31.5967,91.0833,25.4751,0.374349,5.93545,31.8566
1644314674,590,1.08336e+06,139730,9,6,31,85,31.4467,89.97,24.3679,0.407527,5.51608,30.3748
1644314674,591,1.12548e+06,92100.6,9,5,32,90,31.4667,91.13,23.1576,0.390745,5.53302,29.1643
1644314674,592,1.0833e+06,72181.5,9,7,32,96,31.2867,90.3767,23.6631,0.491287,5.32053,29.5608
1644314674,593,962074,150335,9,8,32,96,31.1533,89.1033,29.4836,0.429048,5.03573,35.043
1644314674,594,1.0016e+06,140081,9,6,31,84,31.3833,91.35,25.1716,0.397038,5.45218,31.0985
1644314674,595,1.25634e+06,132654,9,6,31,91,31.4367,92.5533,24.875,0.417712,5.58025,30.9456
1644314674,596,1.16806e+06,125242,9,7,31,94,31.3433,92.3933,23.6807,0.389646,5.42767,29.5769
1644314674,597,962290,122995,9,8,32,93,31.64,93.4367,25.1161,0.37745,3.17154,28.7351
1644314674,598,1.2563e+06,190302,9,5,31,88,31.2233,89.5533,29.3895,0.534791,4.20481,34.216
1644314674,599,1.08334e+06,182251,9,4,31,89,31.0733,91.5967,27.2065,0.33536,5.3276,32.952
1644314674,600,1.2121e+06,77107.7,9,3,31,90,31.0867,91.9933,17.0771,0.238621,5.66934,23.0606
1644314674,601,1.00181e+06,98260.2,9,2,31,96,31.0433,93.7467,24.614,0.235835,5.77439,30.6913
1644314674,602,1.69226e+06,160292,9,3,31,90,31.0933,93.64,25.9088,0.372648,5.62954,31.9896
1644314674,603,1.30154e+06,140453,9,4,31,97,31.1833,93.17,25.5842,0.425682,5.34971,31.4422
1644314674,604,923413,69473.7,9,5,31,97,31.0933,94.35,18.4206,0.367076,5.28225,24.1284
1644314674,605,1.34754e+06,39056,9,7,31,88,31.2633,94.5333,16.6623,0.382517,5.48763,22.5974
1644314674,606,811844,66239.5,9,9,31,94,31.43,94.9533,20.4302,0.514513,5.27157,26.2964
1644314674,607,811798,91054.9,9,13,31,91,31.43,92.4967,23.2112,0.396543,5.32825,29.0003
1644314674,608,1.12546e+06,149515,9,14,31,89,31.7867,93.34,28.2092,0.504388,4.41447,33.1981
1644314674,609,1.16847e+06,214961,9,8,31,89,31.7767,91.6433,29.3244,0.447354,4.52774,34.3536
1644314674,610,1.08345e+06,106309,9,8,31,89,31.4833,90.68,24.9842,0.449439,3.9297,29.448
1644314674,611,848164,70899.9,9,7,32,94,31.8933,93.5,25.0646,0.539984,5.44595,31.1303
1644314674,612,1.16836e+06,117062,9,9,32,95,31.6833,92.6167,24.3492,0.424173,4.22215,29.0784
1644314674,613,1.12543e+06,166459,9,5,31,89,31.6633,92.1967,24.3648,0.388864,5.36667,30.193
1644314674,614,847877,125192,9,5,31,92,31.78,93.7333,25.8731,0.270448,5.99108,32.217
1644314674,615,1.0429e+06,196478,9,5,31,94,31.5967,93.09,31.6714,0.306469,5.60072,37.6523
1644314674,616,1.08354e+06,118324,9,5,31,90,31.7267,93.6867,23.4458,0.416001,5.53673,29.4725
1644314674,617,1.25657e+06,153729,9,3,31,93,31.8367,93.82,28.913,0.419103,5.67997,35.087
1644314674,618,1.58986e+06,212852,9,2,32,95,31.17,91.8567,28.4457,0.289407,5.64678,34.4537
1644314674,619,463524,83553.1,9,2,32,93,31.3333,92.29,22.0955,0.222109,5.69873,28.0882
1644314674,620,1.25663e+06,114773,9,2,31,92,31.34,92.2133,27.4132,0.256314,5.88133,33.6244
1644314674,621,1.00172e+06,117316,9,3,31,95,31.3333,92.0533,25.4966,0.342607,5.70014,31.6148
1644314674,622,1.53982e+06,102976,9,4,31,93,31.2633,91.7233,21.7671,0.408812,5.82274,28.0728
1644314674,623,1.25651e+06,55162.5,9,4,31,92,31.0833,91.2467,20.8954,0.200597,5.54379,26.7096
1644314674,624,1.00181e+06,68868.7,9,8,31,93,31.0633,91.11,19.2269,0.49739,3.9474,23.7508
1644314674,625,641206,71654.4,9,6,31,88,31.04,92.3633,22.4347,0.39568,5.28839,28.2032
1644314674,626,1.44225e+06,90007.8,9,7,31,93,31.0267,93.5133,25.5301,0.396913,6.08529,32.1033
1644314674,627,1.16876e+06,111411,9,5,31,94,31.04,94.1733,22.0553,0.381868,5.49719,28.0064
1644314674,628,1.0425e+06,125734,9,6,31,94,31.0633,94.4133,25.4961,0.37157,5.37808,31.3213
1644314674,629,1.49074e+06,122169,9,5,31,93,31.0467,93.9767,25.164,0.453435,5.83029,31.5382
1644314674,630,1.49101e+06,110557,9,5,31,95,31.0367,93.91,24.8324,0.36188,5.63414,30.9126
1644314674,631,1.59008e+06,104864,9,5,31,94,31.0733,94.12,21.204,0.479936,5.66384,27.4229
1644314674,632,1.12602e+06,100211,9,3,31,93,31.17,94.27,22.5071,0.317483,6.0495,28.9482
1644314674,633,1.25637e+06,50231.6,9,6,31,92,31.07,94.3333,17.86,0.443525,3.66061,22.0335
1644314674,634,1.08329e+06,143768,9,8,31,93,31.0767,93.4433,25.2614,0.400204,5.64147,31.3758
1644314674,635,962200,138821,9,7,31,95,31.0633,94.41,25.0189,0.356535,5.16452,30.6105
1644314674,636,885603,81657.4,9,5,31,98,31.03,95.1967,20.8432,0.43913,5.60389,26.9629
1644314674,637,1.30126e+06,145209,9,5,31,93,31.0333,95.8333,21.9968,0.421824,5.01532,27.5072
1644314674,638,1.85187e+06,117687,9,5,31,97,31.0267,96.0033,22.6353,0.343581,5.70122,28.7567
1644314674,639,1.39395e+06,188887,9,4,31,97,31.0667,96.37,24.2301,0.383347,5.47141,30.172
1644314674,640,775731,108403,9,3,31,99,31.0367,96.8333,21.8836,0.451041,5.72484,28.1347
1644314674,641,1.21186e+06,190306,9,3,31,95,31.0633,96.42,27.0888,0.364406,5.67664,33.2021
1644314674,642,1.04223e+06,81403.7,9,5,31,100,31.09,96.68,21.0323,0.386549,5.6814,27.1848
1644314674,643,847796,72176.5,9,5,31,97,31.1333,96.8833,19.7463,0.546637,6.16745,26.5575
1644314674,644,1.21161e+06,104328,9,4,31,97,31.1433,95.7867,21.9712,0.418582,5.51854,27.9821
1644314674,645,1.12514e+06,106951,9,4,31,98,31.1533,96.0133,19.8312,0.317182,5.67504,25.8832
1644314674,646,1.12529e+06,166843,9,4,31,90,31.0367,94.4833,27.3468,0.243183,5.64335,33.3052
1644314674,647,1.30148e+06,146334,9,3,31,95,31.04,95.7933,23.0565,0.221801,5.66419,29.0006
1644314674,648,1.1259e+06,139223,9,7,31,97,31.0667,94.61,22.7625,0.387016,5.04363,28.2619
1644314674,649,1.00185e+06,134544,9,7,31,93,31.0533,94.7233,25.4373,0.39997,5.31722,31.225
1644314674,650,1.25634e+06,116388,9,5,31,97,31.0533,93.49,23.1217,0.462826,4.69367,28.3531
1644314674,651,1.59008e+06,98745.4,9,7,31,96,31.0633,93.8067,22.3694,0.41556,2.78227,25.644
1644314674,652,1.44175e+06,267973,9,7,31,93,31.02,93.1467,33.024,0.46031,5.5115,39.0758
1644314674,653,1.49023e+06,157182,9,5,31,94,31.0667,94.0733,27.072,0.333797,5.82437,33.3132
1644314674,654,1.16827e+06,133594,9,4,31,94,31.06,94.8267,23.8962,0.434852,5.5543,29.9665
1644314674,655,1.21182e+06,121781,9,3,31,98,31.0433,95.7767,28.1989,0.433644,5.5396,34.2553
1644314674,656,1.04186e+06,158117,9,3,31,95,31.1833,96.0633,30.7457,0.260144,5.61888,36.7014
1644314674,657,923309,108995,9,2,31,98,31.11,96.58,25.9431,0.315999,5.79394,32.1414
1644314674,658,1.16819e+06,58990.7,9,1,31,98,31.08,97.1067,17.9122,0.285167,5.47372,23.7475
1644314674,659,707189,85283.8,9,1,31,97,31.0733,97.1933,20.6285,0.268605,5.64905,26.6195
1644314674,660,923308,82995.2,9,1,31,99,31.07,97.14,21.5618,0.226526,5.61227,27.4718
1644314674,661,1.3947e+06,157914,9,2,31,98,31.0767,97.0833,25.9648,0.341815,5.73011,32.1175
1644314674,662,847865,81954.5,9,3,31,98,31.12,97.1,20.9363,0.356977,5.54024,26.9134
1644314674,663,1.00177e+06,118973,9,2,31,98,31.2767,97.0333,24.6087,0.245142,5.82871,30.7611
1644314674,664,962174,100947,9,3,32,99,31.3167,96.7933,25.4849,0.361519,5.53097,31.4676
1644314674,665,1.30154e+06,169931,9,2,32,99,31.3133,96.9533,25.4434,0.237599,5.83264,31.5939
1644314674,666,848015,119145,9,3,31,97,31.1633,96.83,22.7955,0.365441,5.63679,28.8836
1644314674,667,1.04219e+06,133196,9,3,31,95,31.14,96.7267,24.9522,0.256145,5.68564,30.9725
1644314674,668,923522,136050,9,2,31,97,31.2167,96.9533,33.6358,0.351186,5.69494,39.7606
1644314674,669,962411,75307.5,9,3,31,97,31.27,96.65,22.9869,0.43036,5.89617,29.3879
1644314674,670,741262,125114,9,5,31,96,31.1933,96.51,25.8074,0.456289,6.29081,32.6389
1644314674,671,1.25633e+06,146203,9,5,31,95,31.1433,96.32,22.9083,0.349086,4.08411,27.4158
1644314674,672,962354,177756,9,5,31,93,31.0533,94.5867,31.823,0.48287,5.4936,37.8885
1644314674,673,1.12548e+06,138689,9,4,31,94,31.05,94.69,27.5709,0.30711,3.27999,31.2405
1644314674,674,1.21197e+06,120968,9,4,31,97,31.04,96.3133,27.1339,0.396973,5.4035,33.0115
1644314674,675,1.16801e+06,116447,9,4,31,97,31.0433,97.39,20.5164,0.354275,5.67067,26.6237
1644314674,676,1.16823e+06,163845,9,3,31,98,31.04,97.95,26.3321,0.257971,5.79349,32.4785
1644314674,677,1.04217e+06,153459,9,4,31,97,31.11,98.1067,25.2272,0.34101,5.55809,31.2021
1644314674,678,885183,85229.8,9,4,31,97,31.07,97.8633,20.5857,0.367344,5.54113,26.5731
1644314674,679,1.30178e+06,144117,9,4,31,100,31.07,97.5867,23.9074,0.405887,5.614,30.005
1644314674,680,1.0017e+06,149672,9,6,31,97,31.08,97.8033,23.2076,0.407624,5.64924,29.3505
1644314674,681,1.08312e+06,159957,9,7,31,98,31.05,97.88,23.7457,0.387625,3.4265,27.633
1644314674,682,1.12562e+06,159914,9,5,31,98,31.0433,98.3333,26.4581,0.423667,5.64963,32.6134
1644314674,683,1.04213e+06,164438,9,3,31,98,31.0733,98.5567,25.864,0.227247,5.62965,31.8077
1644314674,684,885248,131815,9,3,31,98,31.1067,98.96,28.4111,0.372508,5.45861,34.3157
1644314674,685,962082,179708,9,4,31,101,31.0967,98.82,25.9467,0.333383,3.68634,30.035
1644314674,686,923465,87000.6,9,3,31,99,31.05,98.9067,21.7534,0.289305,5.57913,27.6847
1644314674,687,776162,129766,9,3,31,99,31.1,99.5667,25.1366,0.27219,5.54536,31.0249
1644314674,688,885379,105280,9,3,31,102,31.1367,99.4767,22.2103,0.293888,5.65128,28.2172
1644314674,689,1.04235e+06,51705.5,9,3,31,100,31.09,99.45,15.4937,0.288912,5.57023,21.4126
1644314674,690,1.00208e+06,78039.9,9,2,31,100,31.16,99.2167,21.0577,0.226887,5.64268,27.0072
1644314674,691,1.21202e+06,61776.9,9,4,31,100,31.1333,98.93,21.0374,0.385139,5.78617,27.287
1644314674,692,923260,67406.4,9,5,31,98,31.1367,99.5,20.6306,0.338704,5.77014,26.8174
1644314674,693,1.08361e+06,54477,9,5,32,101,31.2667,99.8233,19.4047,0.408382,4.78355,24.6815
1644314674,694,1.3943e+06,73367.7,9,7,31,100,31.2267,99.27,20.4698,0.415486,5.6738,26.6483
1644314674,695,1.1251e+06,108665,9,6,31,99,31.2,99.1967,20.5016,0.399982,5.74715,26.7191
1644314674,696,811461,143383,9,8,31,99,31.14,99.6533,26.7697,0.394164,5.83181,33.0781
1644314674,697,1.25641e+06,99114.3,9,8,31,99,31.1133,100.17,24.8906,0.512819,6.31073,31.8117
1644314674,698,1.16806e+06,146643,9,10,31,102,31.1067,100.203,24.8593,0.520306,4.81213,30.2724
1644314674,699,1.30134e+06,161484,9,10,31,99,31.0533,99.6733,24.0646,0.467263,5.62747,30.2346
1644314674,700,1.3478e+06,76990.9,9,5,31,101,31.13,99.18,18.6049,0.466063,5.75805,24.9099
1644314674,701,884957,93685.4,9,5,32,102,31.3733,99.7,21.3261,0.390743,5.86701,27.6689
1644314674,702,811751,51059.5,9,7,32,99,31.65,99.9967,19.8095,0.428799,4.72495,25.0443
1644314674,703,961966,165631,9,8,33,104,32.3867,101.767,30.1044,0.458525,6.44504,37.0952
1644314674,704,811656,151137,9,6,32,99,32.9567,104.357,28.2473,0.492267,6.315,35.1551
1644314674,705,707111,134788,9,4,32,100,32.52,102.127,27.0716,0.309342,6.79409,34.2554
1644314674,706,1.16861e+06,106025,9,5,32,102,32.7767,103.12,23.3263,0.54917,5.67188,29.6339
1644314674,707,1.08321e+06,177730,9,8,33,103,32.4633,102.72,26.4796,0.424025,6.07944,33.0635
1644314674,708,1.00144e+06,99854,9,7,33,102,32.27,102.077,22.1959,0.419676,5.99354,28.6896
1644314674,709,1.00178e+06,117903,9,8,32,98,32.3567,102.447,25.2155,0.504286,4.8172,30.6148
1644314674,710,1.0834e+06,111462,9,9,32,98,32.3933,101.09,25.2417,0.434445,5.1651,30.9187
1644314674,711,1.49058e+06,118820,9,9,32,98,32.29,100.14,24.0454,0.510291,6.35362,30.9901
1644314674,712,1.16822e+06,128890,9,9,32,98,32.15,100.11,25.008,0.499527,3.58835,29.1832
1644314674,713,1.58962e+06,282021,9,7,32,100,32.1467,99.5133,36.3483,0.581402,3.11162,40.1267
1644314674,714,1.04216e+06,321185,9,5,34,109,32.36,101.017,35.0526,0.371272,5.94763,41.4547
1644314674,715,923347,155176,9,4,35,110,32.6433,102.437,28.6178,0.420611,4.84011,33.974
1644314674,716,1.16865e+06,156264,9,5,35,111,33.3267,103.723,26.3916,0.464168,4.99402,31.9357
1644314674,717,1.16828e+06,191756,9,4,35,111,33.56,104.433,26.9736,0.455879,5.86659,33.3902
1644314674,718,1.04215e+06,219742,9,5,33,102,33.3667,103.77,35.1266,0.482073,6.25078,41.959
1644314674,719,1.00191e+06,113917,9,4,33,105,33.25,103.863,25.7752,0.542819,6.43152,32.8328
1644314674,720,962324,214739,9,6,35,110,33.2067,103.78,31.162,0.453422,6.92359,38.6212
1644314674,721,436711,72742.5,9,7,35,111,33.1933,103.663,20.5592,0.701405,9.62122,31.033
1644314674,722,1.16798e+06,162563,9,7,33,101,33.0867,103.607,31.7186,0.820875,9.3182,41.9677
1644314674,723,1.34772e+06,94314.2,9,7,33,101,33.09,103.173,35.3974,0.742358,8.8907,45.1206
1644314674,724,641681,76829.8,9,6,33,105,33.07,102.557,32.7378,0.496703,7.28246,40.5987
1644314674,725,1.00172e+06,119689,9,7,33,104,33.0767,102.093,24.7482,0.507059,7.19431,32.5427
1644314674,726,848055,105378,9,6,34,102,33.1867,101.793,23.3264,0.647369,7.97667,32.0592
1644314674,727,885010,82696.4,9,10,34,101,33.25,102.063,20.4621,0.440522,5.99873,26.9651
1644314674,728,1.34776e+06,106448,9,12,34,102,33.3,102.337,23.782,0.491281,5.60486,29.9367
1644314674,729,1.08319e+06,118023,9,11,33,104,33.3767,103.567,21.7754,0.434951,5.81984,28.0826
1644314674,730,1.21168e+06,81940.3,9,10,33,106,33.4033,103.167,17.4697,0.440799,3.78526,21.7472
1644314674,731,1.08344e+06,270547,9,10,33,105,33.0367,102.843,30.4313,0.376013,5.73686,36.6103
1644314674,732,1.00176e+06,168844,9,7,33,101,33.0267,103.823,24.34,0.385146,5.87929,30.6653
1644314674,733,811896,142109,9,4,34,108,33.03,103.783,23.0452,0.237513,6.2102,29.548
1644314674,734,1.04227e+06,103629,9,6,34,108,33.13,104.113,22.9864,0.600971,8.88446,32.5736
1644314674,735,1.34776e+06,150972,9,6,33,102,33.19,104.193,26.9301,0.46757,6.27824,33.7638
1644314674,736,740991,111895,9,4,34,106,33.3067,104.617,20.7794,0.427607,6.19413,27.4752
1644314674,737,1.04237e+06,144913,9,7,34,105,33.3067,104.54,22.5223,0.425218,4.07905,27.0913
1644314674,738,1.34769e+06,110301,9,6,33,104,33.7133,104.887,18.5277,0.559505,6.13209,25.2856
1644314674,739,1.12528e+06,157363,9,5,33,104,33.3733,104.297,27.2571,0.428895,6.16101,33.9206
1644314674,740,1.00147e+06,73485.5,9,4,34,105,33.42,104.437,20.1502,0.21481,6.13037,26.5605
1644314674,741,775749,152412,9,4,34,103,33.4633,104.653,22.6045,0.348864,5.22908,28.2467
1644314674,742,1.00163e+06,61687.1,9,3,33,101,33.4267,104.873,17.4281,0.211226,6.18108,23.8827
1644314674,743,923044,104921,9,2,33,103,33.5867,105.26,19.0964,0.200225,6.26622,25.6239
1644314674,744,847726,84133.1,9,4,34,108,33.5433,104.753,16.0629,0.302429,5.91841,22.3381
1644314674,745,741235,83537.4,9,5,33,106,33.6133,104.833,18.534,0.326093,5.85572,24.771
1644314674,746,1.08353e+06,153970,9,4,33,101,33.5867,104.83,21.2504,0.338943,5.84527,27.4936
1644314674,747,961949,138806,9,5,34,106,33.6067,104.78,24.1444,0.335542,5.9577,30.4928
1644314674,748,1.00156e+06,115587,9,4,35,108,33.6133,104.817,21.1488,0.328095,6.15196,27.6859
1644314674,749,885750,121909,9,6,34,105,33.6667,105.06,21.6671,0.331465,5.94505,28.0155
1644314674,750,1.8519e+06,155840,9,4,36,111,33.59,104.977,21.9028,0.272886,6.04106,28.272
1644314674,751,776649,112492,9,7,35,109,33.84,104.953,23.3103,0.314754,3.97434,27.6578
1644314674,752,1.39424e+06,214870,9,4,33,100,33.4033,102.23,26.7613,0.291734,5.94723,33.0563
1644314674,753,1.16844e+06,85127.2,9,2,33,99,33.1767,102.327,17.7944,0.174138,6.1179,24.1416
1644314674,754,1.04195e+06,63437.8,9,3,34,105,33.1567,103.013,19.2234,0.295603,5.93516,25.5116
1644314674,755,1.34735e+06,108059,9,4,33,105,33.3367,103.267,20.0457,0.323357,6.24809,26.6672
1644314674,756,1.08328e+06,112523,9,2,33,107,33.13,103.453,20.3834,0.19264,6.10208,26.7345
1644314674,757,1.00137e+06,71477.3,9,2,33,100,33.16,103.98,18.2173,0.200759,6.15487,24.628
1644314674,758,1.34755e+06,99793,9,1,33,106,33.2133,104.233,20.2342,0.202024,6.02101,26.5152
1644314674,759,1.00189e+06,97320.9,9,3,33,106,33.12,104.3,22.1206,0.304958,5.86021,28.3418
1644314674,760,1.00201e+06,62861.5,9,3,33,108,33.0767,104.177,17.7152,0.192189,6.00331,23.9662
1644314674,761,962150,69755.2,9,2,33,105,33.09,104.117,19.4961,0.222408,6.1065,25.8907
1644314674,762,1.34732e+06,107985,9,3,33,106,33.0633,104.03,19.3561,0.274612,6.10368,25.7871
1644314674,763,1.04215e+06,125619,9,3,33,104,33.0833,104.1,20.7536,0.271798,6.04199,27.12
1644314674,764,1.00267e+06,86956,9,5,33,106,33.0967,103.81,19.4964,0.321081,6.04443,25.9218
1644314674,765,1.1683e+06,97568.9,9,4,33,102,33.08,103.653,21.4344,0.201772,5.91446,27.6072
1644314674,766,1.4906e+06,80372.2,9,3,33,107,33.1067,103.39,18.1895,0.190459,5.71109,24.1414
1644314674,767,1.08366e+06,86956.3,9,2,33,105,33.1233,103.633,17.7283,0.271661,6.02885,24.078
1644314674,768,1.25641e+06,83581.6,9,2,34,106,33.1433,103.487,21.1484,0.240367,6.05148,27.5064
1644314674,769,885570,92021.9,9,2,33,104,33.17,103.083,21.0984,0.177724,6.15749,27.4868
1644314674,770,1.1681e+06,117866,9,4,33,105,33.1867,103.15,23.3649,0.291021,3.72477,27.4318
1644314674,771,885238,246604,9,6,33,104,33.0967,102.92,29.7137,0.318686,6.02086,36.1066
1644314674,772,1.30167e+06,208240,9,4,33,107,33.0667,104.673,29.1136,0.253038,2.98576,32.4108
1644314674,773,1.16826e+06,158026,9,2,33,104,33.0233,103.397,24.426,0.336936,5.6519,30.4715
1644314674,774,1.34785e+06,166343,9,1,33,104,33.0967,104.767,25.5847,0.201713,5.73757,31.579
1644314674,775,1.21216e+06,265530,9,1,33,105,33.12,105.137,31.343,0.195519,6.0601,37.6546
1644314674,776,1.16827e+06,99556,9,1,33,106,33.1633,105.473,21.8461,0.183978,6.13278,28.2175
1644314674,777,1.08351e+06,163967,9,2,34,105,33.24,105.657,26.1723,0.289482,5.9046,32.4259
1644314674,778,1.58978e+06,148471,9,3,34,106,33.29,106.13,27.546,0.299556,5.99734,33.9043
1644314674,779,1.1683e+06,107887,9,1,33,104,33.31,106.213,23.0121,0.192821,6.44619,29.7067
1644314674,780,923896,102596,9,2,33,108,33.2367,105.81,22.0782,0.296349,6.03268,28.4692
1644314674,781,776049,52152.4,9,2,33,104,33.24,105.673,16.5781,0.190579,6.15293,22.9778
1644314674,782,923251,85428.6,9,2,33,106,33.2767,105.75,20.8855,0.220051,6.04027,27.2127
1644314674,783,1.12558e+06,121603,9,2,33,104,33.4167,106.13,26.8905,0.184771,6.24353,33.3799
1644314674,784,1.39455e+06,109606,9,2,33,104,33.44,105.897,22.5753,0.18079,6.0704,28.8813
1644314674,785,1.21184e+06,104655,9,3,33,104,33.4167,105.433,20.1089,0.269784,5.97761,26.4114
1644314674,786,1.79764e+06,98816.9,9,4,33,105,33.55,105.297,20.5415,0.28376,5.90387,26.7793
1644314674,787,741273,51860.1,9,5,34,104,33.4,104.44,17.8514,0.278045,5.9855,24.1694
1644314674,788,1.3019e+06,81473.1,9,5,34,106,33.6133,104.273,19.137,0.304921,2.86878,22.3625
1644314674,789,1.00168e+06,175919,9,4,34,108,33.9667,107.48,27.4296,0.354569,5.88589,33.7302
1644314674,790,1.2564e+06,177401,9,1,34,109,34.0367,109.327,28.9761,0.16991,6.30201,35.5014
1644314674,791,1.21199e+06,157676,9,1,34,109,34.02,109.833,29.5684,0.193827,6.07772,35.8977
1644314674,792,1.39434e+06,184268,9,1,34,109,34.06,109.967,27.7856,0.18547,5.99701,34.025
1644314674,793,641431,64341.6,9,2,34,112,34.05,110.137,16.7911,0.249377,6.16795,23.2646
1644314674,794,848169,56215.5,9,1,34,111,34.1567,110.29,18.4061,0.178967,6.24161,24.8811
1644314674,795,885249,124744,9,1,34,109,34.1333,110.38,26.274,0.217949,6.24042,32.8072
1644314674,796,1.00169e+06,135016,9,2,34,107,34.17,110.337,25.7358,0.262243,6.254,32.3062
1644314674,797,1.00167e+06,109574,9,3,34,111,34.0667,110.063,21.9003,0.297633,6.05054,28.3064
1644314674,798,775842,116905,9,5,34,111,34.0633,110.35,23.6399,0.332448,4.36548,28.3961
1644314674,799,775793,194635,9,5,34,110,34.0333,109.827,30.5035,0.298764,6.22251,37.0821
1644314674,800,1.85221e+06,146422,9,3,35,112,34.1067,110.137,26.7286,0.175891,6.10418,33.0641
1644314674,801,811949,108633,9,2,34,109,34.1533,110.427,22.1859,0.186594,6.17892,28.6089
1644314674,802,1.04208e+06,128945,9,2,35,110,34.12,110.527,23.0846,0.201387,6.20345,29.555
1644314674,803,1.08306e+06,124437,9,2,34,111,34.1467,110.33,22.1969,0.192774,6.2684,28.7157
1644314674,804,885347,110943,9,2,34,109,34.16,110.29,22.6619,0.187792,6.23397,29.1415
1644314674,805,1.1253e+06,141842,9,2,34,111,34.2,109.993,24.8466,0.193068,6.226,31.327
1644314674,806,1.04222e+06,117397,9,3,34,112,34.24,109.86,22.9276,0.289388,6.01423,29.2883
1644314674,807,1.08347e+06,124767,9,2,34,108,34.2667,109.447,21.1445,0.226284,6.19162,27.6251
1644314674,808,1.69231e+06,114253,9,4,34,108,34.2867,108.97,21.2372,0.325228,4.87242,26.4869
1644314674,809,1.12562e+06,139202,9,5,35,109,34.2867,108.793,21.2021,0.29034,6.19118,27.738
1644314674,810,1.12564e+06,160061,9,4,35,109,34.39,109.107,27.1333,0.199287,6.18909,33.5763
1644314674,811,1.25645e+06,171178,9,4,35,110,34.4967,109.33,25.6666,0.345325,6.04566,32.1197
1644314674,812,1.08417e+06,192093,9,4,35,111,34.5133,109.2,29.9874,0.348888,6.23568,36.6297
1644314674,813,1.16843e+06,148750,9,5,35,109,34.3967,108.917,25.0406,0.336086,6.23163,31.6672
1644314674,814,1.16857e+06,169708,9,8,35,110,34.6567,108.917,24.3544,0.354712,4.44734,29.215
1644314674,815,1.00171e+06,119071,9,8,35,105,34.9467,108.79,20.0991,0.341579,4.32149,24.8269
1644314674,816,1.08354e+06,151556,9,5,35,112,34.9733,109.39,25.8471,0.312711,6.16716,32.383
1644314674,817,1.00153e+06,102893,9,5,35,113,35.0267,110.417,23.0935,0.29847,6.00531,29.4564
1644314674,818,1.12522e+06,128223,9,4,34,107,34.6467,109.62,22.2441,0.444401,6.16873,28.9401
1644314674,819,811746,158352,9,5,34,106,34.5433,109.727,28.7819,0.467429,3.33403,32.674
1644314674,820,811978,141566,9,6,34,107,34.4933,108.937,29.7443,0.521953,6.43038,36.7846
1644314674,821,885228,92837.5,9,4,34,110,34.7733,111.097,22.4061,0.420518,6.59215,29.5081
1644314674,822,923220,66814,9,4,35,110,34.95,111.983,21.0952,0.63944,7.35322,29.195
1644314674,823,1.1255e+06,119683,9,3,35,112,34.5533,110.76,24.1211,0.29296,7.42736,31.9412
1644314674,824,848125,73831.1,9,5,36,113,34.5933,110.883,22.9742,0.473613,6.71378,30.2697
1644314674,825,1.34762e+06,119941,9,6,35,110,35.6,113.03,27.2171,0.411945,7.56045,35.3227
1644314674,826,1.12553e+06,139733,9,2,35,114,35.8233,113.12,29.2224,0.395717,7.41308,37.1202
1644314674,827,848202,131093,9,2,36,113,35.6633,112.9,25.5969,0.289321,7.58259,33.5545
1644314674,828,1.34788e+06,164659,9,3,36,115,35.7733,113.057,29.7252,0.521728,8.1009,38.4424
1644314674,829,923298,168353,9,3,38,114,36.0567,113.163,29.6346,0.423623,7.65762,37.8125
1644314674,830,1.16811e+06,156133,9,3,36,112,36.2333,113.307,26.1465,0.303268,6.83626,33.3841
1644314674,831,1.12541e+06,148632,9,5,38,120,36.2267,113.307,27.6364,0.423356,6.26311,34.4157
1644314674,832,962133,154089,9,3,37,112,36.3833,113.263,28.8509,0.528745,7.07758,36.5628
1644314674,833,962079,199642,9,4,37,115,36.4233,113.073,35.0278,0.394333,6.4566,41.9688
1644314674,834,1.16875e+06,102243,9,5,36,114,36.4133,112.967,21.9476,0.417961,6.57995,29.024
1644314674,835,1.25616e+06,85754.4,10,7,35,109,36.67,113.787,21.1702,0.483007,3.76214,25.5207
1644314674,836,923183,245406,9,7,35,110,35.8233,112.687,39.0904,0.560659,6.41274,46.1597
1644314674,837,1.49036e+06,140957,9,6,35,110,35.7233,113.107,25.7204,0.408951,6.47107,32.68
1644314674,838,1.00169e+06,152033,9,7,35,110,35.7567,112.847,26.8572,0.511761,6.76959,34.2276
1644314674,839,1.04252e+06,180707,9,7,35,113,35.8067,113.01,28.516,0.460031,6.38421,35.4345
1644314674,840,1.04213e+06,133808,9,9,35,113,35.6867,112.863,22.923,0.458742,5.48318,28.9289
1644314674,841,962021,134203,9,7,37,116,35.52,113.047,24.1562,0.424,4.30792,28.9516
1644314674,842,811998,182221,9,4,38,117,36.39,113.8,28.3209,0.390146,4.5687,33.3413
1644314674,843,1.21182e+06,201458,9,4,37,117,36.7067,115.343,25.7433,0.273928,6.58116,32.6935
1644314674,844,1.08356e+06,156097,9,5,35,112,36.6967,114.31,26.2799,0.392359,6.56134,33.3145
1644314674,845,1.21219e+06,184712,9,6,35,112,35.9333,114.987,31.6216,0.449672,6.43512,38.583
1644314674,846,1.21198e+06,151503,9,3,35,112,35.3333,114.877,26.5985,0.421205,6.49338,33.5833
1644314674,847,1.30171e+06,234330,9,3,35,116,35.1833,115.297,33.0343,0.418894,6.48399,40.004
1644314674,848,1.16831e+06,196680,9,3,35,115,35.55,115.427,27.4554,0.261027,6.71393,34.5058
1644314674,849,1.3019e+06,118551,9,4,36,116,35.42,115.43,25.1856,0.370302,6.5361,32.1599
1644314674,850,1.12541e+06,110754,9,5,35,114,35.2633,115.28,22.972,0.371047,6.49779,29.9137
1644314674,851,1.34783e+06,142250,9,5,37,115,35.2733,114.747,25.5182,0.417831,6.49625,32.4991
1644314674,852,1.34771e+06,131606,9,5,37,115,36.5267,115.643,26.5949,0.392534,6.62421,33.6699
1644314674,853,1.59007e+06,187402,9,3,38,119,36.6633,116.503,28.9123,0.290012,6.71966,35.9839
1644314674,854,1.08353e+06,83566.8,9,5,37,120,36.4233,116.6,22.8113,0.357226,6.49164,29.7192
1644314674,855,1.12538e+06,150609,9,6,37,115,36.7667,116.597,25.4017,0.353984,6.51064,32.3279
1644314674,856,1.16881e+06,108612,9,9,35,118,36.8567,116.18,24.0099,0.399674,5.79381,30.2642
1644314674,857,1.16843e+06,91810.7,9,6,37,117,36.8533,116.463,25.8277,0.553232,6.54322,33.0189
1644314674,858,1.1254e+06,116587,9,5,38,117,37.1233,116.4,25.7281,0.398337,6.57547,32.764
1644314674,859,1.12554e+06,132155,9,9,37,114,37.2633,116.587,28.9621,0.477998,4.90657,34.4355
1644314674,860,1.16823e+06,202265,9,7,35,115,36.6,117.973,29.2739,0.496676,6.59247,36.4662
1644314674,861,1.25652e+06,45113.4,9,7,35,120,36.4367,117.37,20.4654,0.489822,7.08896,28.1335
1644314674,862,1.08345e+06,165458,9,8,37,114,35.9133,117.897,29.4728,0.497776,6.97378,37.0311
1644314674,863,962221,123479,9,4,35,120,36.0233,118.267,24.5839,0.506382,6.80016,31.9891
1644314674,864,923416,90503,9,3,35,119,36.6167,117.653,25.7259,0.489377,6.51686,32.8438
1644314674,865,811683,90045.1,9,4,37,117,37.0167,117.577,24.9041,0.426591,6.87581,32.2905
1644314674,866,962130,161346,9,4,37,119,35.8433,119.093,30.4897,0.516628,6.94283,38.0343
1644314674,867,923237,180859,9,6,35,122,36.37,119.45,28.0849,0.514717,6.88121,35.5765
1644314674,868,1.00174e+06,219113,9,3,35,120,36.0267,119.93,35.4913,0.50948,6.9086,43.0193
1644314674,869,1.25655e+06,205209,9,6,35,118,35.7267,119.66,32.0871,0.457968,6.68838,39.3235
1644314674,870,1.34757e+06,178418,9,4,36,121,35.88,119.15,30.9524,0.473664,6.99254,38.5289
1644314674,871,1.21194e+06,104531,9,5,35,123,35.7033,119.513,24.3255,0.494405,6.97656,31.8903
1644314674,872,812188,33533.1,9,6,35,123,35.8133,118.877,16.9241,0.557579,3.82485,21.4157
1644314674,873,962382,224037,9,4,35,119,36.6833,113.873,35.1347,0.623166,6.38121,42.227
1644314674,874,923206,106747,9,4,37,117,36.4733,116.04,24.0058,0.418499,6.68011,31.2083
1644314674,875,961784,113935,9,4,37,113,36.64,116.213,22.1933,0.441782,6.08011,28.803
1644314674,876,1.08338e+06,127882,9,5,37,116,36.1733,117.71,25.5214,0.570169,6.7883,32.9696
1644314674,877,1.21194e+06,148246,9,4,35,117,35.8867,118.62,25.7883,0.449308,6.93872,33.2587
1644314674,878,1.44195e+06,211144,9,6,37,116,35.8567,118.093,31.5686,0.535679,5.03874,37.2463
1644314674,879,1.08328e+06,155851,9,8,38,125,35.8433,120.133,28.3826,0.572397,6.25506,35.3076
1644314674,880,1.00279e+06,134383,9,6,35,121,36.0467,120.23,32.6524,0.518853,6.97503,40.241
1644314674,881,776590,134737,9,4,35,121,36.1133,120.03,27.1059,0.513687,7.04699,34.7582
1644314674,882,885570,127174,9,6,37,120,36.7267,121.617,31.6119,0.56557,6.99601,39.2774
1644314674,883,1.04235e+06,133569,9,6,37,120,36.4367,121.483,28.2078,0.627663,6.99258,35.9222
1644314674,884,1.16847e+06,117344,9,5,35,122,36.66,122.153,25.7679,0.452305,7.14427,33.4385
1644314674,885,1.08397e+06,157037,9,9,36,126,36.69,122.353,28.2819,0.597442,5.16496,34.1465
1644314674,886,1.08344e+06,162440,9,7,37,119,37.37,124.95,26.2858,0.626191,7.30245,34.308
1644314674,887,1.39454e+06,160583,9,7,38,129,37.0633,124.467,26.5209,0.518843,5.07556,32.196
1644314674,888,1.30158e+06,205867,9,7,37,119,37.1967,124.5,31.3223,0.758914,7.55396,39.7518
1644314674,889,1.4422e+06,189277,9,6,37,126,37.39,125.707,31.4304,0.516386,7.19852,39.2593
1644314674,890,1.16833e+06,175084,9,7,38,124,37.5167,125.247,30.6127,0.578649,7.10426,38.4062
1644314674,891,1.0836e+06,141405,9,7,38,130,37.3533,124.257,27.8299,0.637482,7.18493,35.763
1644314674,892,1.12567e+06,204082,9,7,37,119,37.3233,124.323,32.2181,0.531081,7.52459,40.3624
1644314674,893,923436,130334,9,8,37,120,37.1767,123.927,31.3788,0.674814,6.74296,38.9303
1644314674,894,1.39458e+06,173232,9,6,37,120,37.6433,125.177,29.4272,0.631499,7.37293,37.535
1644314674,895,1.1254e+06,183403,9,8,37,121,37.4867,124.91,28.9397,0.660787,7.29629,37.0078
1644314674,896,1.25679e+06,183419,9,5,36,122,37.43,124.947,33.3353,0.686628,7.16286,41.3049
1644314674,897,1.44211e+06,129877,9,6,37,123,37.3167,124.643,25.1763,0.594419,7.43471,33.3249
1644314674,898,1.30159e+06,174125,9,5,38,121,37.4,124.413,30.6869,0.424063,7.55844,38.7783
1644314674,899,1.16806e+06,159100,9,7,37,119,37.4333,123.477,29.8172,0.648227,7.93647,38.5009
1644314674,900,1.12556e+06,181671,9,8,37,123,37.5167,125.657,27.593,0.601538,8.04562,36.3433
1644314674,901,1.12578e+06,142591,9,7,37,126,37.2233,124.387,28.9879,0.738391,5.97942,35.8057
1644314674,902,1.00182e+06,53523.7,9,9,37,120,37.2233,123.673,23.689,0.642016,7.88107,32.3168
1644314674,903,1.34773e+06,140873,9,8,37,125,37.1833,125.153,31.7885,0.804895,8.21143,40.9206
1644314674,904,1.04238e+06,81672.9,9,11,37,124,37.1633,125.18,20.5259,0.678354,5.88175,27.202
1644314674,905,674007,36375.5,9,7,37,124,37.16,124.363,23.4775,0.610377,7.64405,31.8217
1644314674,906,1.00171e+06,53198,9,5,37,124,37.14,124.743,23.2882,0.482512,7.13166,31.0135
1644314674,907,775987,113684,9,3,37,126,37.04,123.15,31.1357,0.414657,7.12278,38.7786
1644314674,908,1.1257e+06,108010,9,3,37,126,37.05,122.727,32.0154,0.358874,7.4508,39.9152
1644314674,909,436732,15815.8,9,2,37,124,37.0767,122.677,15.422,0.41663,7.31568,23.2394
1644314674,910,1.39437e+06,154449,9,2,37,124,37.0633,122.703,32.3002,0.429406,7.63082,40.4587
1644314674,911,962214,114280,9,3,37,126,37.0533,122.153,30.4219,0.409703,7.5285,38.4542
1644314674,912,1.30159e+06,120158,9,4,37,124,37.04,121.88,29.6013,0.574713,7.13423,37.4226
1644314674,913,1.6926e+06,108675,9,5,37,122,37.22,120.91,28.1587,0.48325,7.50811,36.2394
1644314674,914,1.39459e+06,161274,9,6,39,127,37.1267,121.223,38.4638,0.563435,7.33987,46.4793
1644314674,915,1.08349e+06,112262,9,7,38,119,37.26,120.697,32.3925,0.484673,6.92774,39.902
1644314674,916,1.0018e+06,151190,9,6,37,126,37.24,120.333,26.5553,0.50476,7.33656,34.4827
1644314674,917,1.44246e+06,113884,9,7,37,121,37.2433,121.103,25.3424,0.507826,7.32451,33.265
1644314674,918,1.3946e+06,175805,9,7,37,120,37.3667,121.337,30.1581,0.602202,7.22028,38.0763
1644314674,919,1.30175e+06,175405,9,10,37,120,37.3133,121.807,35.6428,0.511688,5.25923,41.5147
1644314674,920,1.1683e+06,261058,9,9,39,121,38.0333,122.003,38.5666,0.55783,5.55296,44.7721
1644314674,921,848217,120445,9,7,37,126,37.8467,122.463,30.4839,0.357504,6.2247,37.1657
1644314674,922,885568,151724,9,6,39,119,38.6133,122.707,34.9363,0.572611,7.20846,42.8269
1644314674,923,848508,125559,9,6,37,128,38.5367,123.92,34.115,0.485966,7.39289,42.0864
1644314674,924,962180,181777,9,7,39,118,38.4933,124.447,35.9863,0.527119,7.88624,44.4971
1644314674,925,923400,143439,9,8,39,119,38.09,126.74,28.0359,0.643695,6.49536,35.2956
1644314674,926,1.34799e+06,280886,9,8,39,121,38.2933,123.737,40.4982,0.602821,8.34152,49.5391
1644314674,927,1.25644e+06,212374,9,3,39,119,38.3,122.807,42.063,0.492955,7.86099,50.5133
1644314674,928,1.25626e+06,133230,9,7,39,127,38.5033,123.26,26.3066,0.622648,7.66136,34.6935
1644314674,929,1.08342e+06,144965,9,7,39,117,38.88,118.757,29.91,0.473701,7.41471,37.9012
1644314674,930,1.08337e+06,147173,9,3,39,115,39.0067,118.62,29.829,0.618763,7.83124,38.4069
1644314674,931,1.00177e+06,166513,9,5,39,120,39.02,119.427,27.6699,0.48473,7.97705,36.3012
1644314674,932,1.00198e+06,235147,9,4,38,126,38.9767,123.69,38.4858,0.62994,7.93191,47.1758
1644314674,933,609799,204158,9,5,39,125,39.0667,127.7,33.6915,0.533265,7.97416,42.3075
1644314674,934,741151,122677,21,5,39,130,39.0667,127.57,26.8905,0.508891,8.01364,35.5344
1644314674,935,1.00169e+06,172786,9,5,39,127,39.4033,126.1,33.1228,0.58495,5.58362,39.4058
1644314674,936,740815,180282,9,3,39,120,39.1167,124.167,27.5862,0.520504,7.0884,35.2893
1644314674,937,1.21207e+06,217019,9,2,39,125,39.3,122.963,34.9319,0.357388,7.34005,42.7384
1644314674,938,1.4904e+06,178100,9,3,41,120,39.46,122.503,29.4563,0.523403,7.34452,37.4272
1644314674,939,776041,102617,9,3,39,122,39.42,123.053,28.4192,0.431459,7.52204,36.4626
1644314674,940,1.16862e+06,185823,9,4,40,125,39.4233,122.5,34.6495,0.540277,7.63543,42.9198
1644314674,941,1.25646e+06,273548,9,5,40,124,39.43,122.613,40.4189,0.496487,7.6566,48.6624
1644314674,942,1.16845e+06,118673,9,3,41,125,40.26,122.847,32.9015,0.576776,7.32496,40.9044
1644314674,943,885168,237197,9,4,41,124,41.1067,124.097,39.5727,0.271215,7.45541,47.3989
1644314674,944,1.16871e+06,296843,9,3,41,125,41.26,124.68,44.1717,0.450512,7.44854,52.162
1644314674,945,1.44208e+06,187229,9,3,41,125,41.3433,124.707,29.9078,0.466994,7.7027,38.1688
1644314674,946,962364,197555,9,2,42,123,41.3733,124.38,30.761,0.269339,7.68328,38.7983
1644314674,947,1.34774e+06,168814,9,3,41,123,41.3533,124.35,32.0769,0.42537,7.48277,40.0616
1644314674,948,776233,158453,9,4,42,119,41.5433,124.403,31.4151,0.407598,7.58727,39.4862
1644314674,949,885669,163782,9,6,41,121,41.66,124.257,31.7045,0.576841,3.76879,36.1626
1644314674,950,811838,97745.6,9,5,42,129,42.7767,125.707,43.7161,0.614821,8.07094,52.4974
1644314674,951,641361,76261.4,9,4,42,128,42.65,126.863,30.5272,0.423689,7.89398,38.9401
1644314674,952,1.00195e+06,183255,9,5,42,128,42.1767,127.453,39.0691,0.501623,7.6915,47.3562
1644314674,953,1.08346e+06,58210.8,9,6,42,127,42.1133,127.403,25.14,0.481288,7.9367,33.6527
1644314674,954,1.6409e+06,248818,9,7,42,126,42.0367,126.607,39.3042,0.575357,4.6023,44.5836
1644314674,955,1.0836e+06,219125,400,7,42,121,42.0367,127.5,41.2195,0.582803,5.46153,47.3599
1644314674,956,962463,204019,9,5,42,129,43.12,127.187,39.0348,0.57772,7.84407,47.55
1644314674,957,1.30188e+06,264235,9,4,44,128,43.6933,128.493,45.9168,0.416294,8.28422,54.7243
1644314674,958,1.12551e+06,84273.1,9,6,42,130,42.9767,128.567,29.5383,0.813129,7.952,38.4126
1644314674,959,1.21204e+06,309677,9,5,44,131,42.4433,127.283,46.1566,0.697852,11.8592,58.8275
1644314674,960,1.49127e+06,151172,9,6,44,132,42.8867,128.92,39.0617,0.522579,3.88368,43.5693
1644314674,961,1.12554e+06,238075,9,5,44,129,42.2767,129.283,42.0305,0.596833,7.66894,50.3995
1644314674,962,579073,115754,9,3,44,129,42.8533,130.183,36.5399,0.45521,7.90482,45.006
1644314674,963,924031,167577,9,4,42,130,43.1567,130.423,37.1643,0.563989,7.96397,45.7873
1644314674,964,1.04238e+06,167013,9,5,42,130,43.19,130.277,33.498,0.543194,7.80632,41.9525
1644314674,965,1.25653e+06,164005,9,4,44,129,43.3567,130.4,34.5184,0.459081,8.80625,43.8918
1644314674,966,1.257e+06,247477,9,6,45,132,43.6067,130.583,63.2609,0.814319,12.1068,76.3101
1644314674,967,962174,134596,9,5,45,132,43.8,131.267,39.4612,0.683127,8.43324,48.681
1644314674,968,1.2121e+06,116634,9,7,44,129,44.18,131.733,31.4696,0.623181,8.395,40.6039
1644314674,969,578995,108498,9,10,42,129,43.23,130.927,27.1372,0.972272,6.989,35.21
1644314674,970,1.30175e+06,254557,9,13,42,131,43.3267,131.427,37.4009,0.804841,8.28013,46.6199
1644314674,971,923407,159016,9,10,44,132,43.9167,131.95,34.6742,0.605151,7.66225,43.0348
1644314674,972,885487,180357,9,11,42,128,43.9133,131.803,30.996,0.724591,4.61022,36.4328
1644314674,973,811690,165346,9,10,44,132,43.4733,131.303,27.9173,0.644678,6.02449,34.6661
1644314674,974,1.0835e+06,198963,9,9,43,131,43.2933,131.723,31.2181,0.479789,4.56435,36.3427
1644314674,975,1.08318e+06,217505,9,6,42,129,43.1333,130.833,34.6783,0.506184,6.58808,41.8492
1644314674,976,1.49058e+06,271793,9,7,46,134,44.1367,132.477,36.8705,0.444166,7.43549,44.8672
1644314674,977,1.16827e+06,202204,9,6,46,136,44.35,133.377,35.8056,0.475783,7.70041,44.0824
1644314674,978,1.12545e+06,206262,9,8,46,141,43.8633,132.857,32.041,0.600396,8.16173,40.9107
1644314674,979,1.25632e+06,148515,9,12,46,136,44.9933,136.637,30.6479,0.866591,7.90835,39.5676
1644314674,980,1.04202e+06,185058,9,7,46,140,44.1733,135.223,35.476,0.661844,5.96056,42.1999
1644314674,981,1.12539e+06,257872,9,6,47,142,45.4067,137.667,40.5447,0.685014,8.29542,49.6297
1644314674,982,1.04228e+06,263959,9,5,46,139,45.92,138.667,48.287,0.624642,8.39167,57.4101
1644314674,983,848226,181517,9,6,43,131,45.8,138.587,38.3269,0.630621,9.20417,48.2984
1644314674,984,1.08332e+06,202063,9,8,42,130,44.8267,137.02,37.174,0.553619,9.07553,46.9099
1644314674,985,1.21195e+06,213129,9,4,46,142,44.28,135.753,39.1382,0.594046,9.56652,49.4186
1644314674,986,885441,135974,9,6,43,132,44.3133,135.81,31.0469,0.69668,8.48979,40.3504
1644314674,987,1.08365e+06,181369,9,8,47,141,45.25,138.157,31.2683,0.635494,9.47752,41.4934
1644314674,988,1.00186e+06,203541,9,6,47,142,46.3167,140.5,35.5379,0.675043,8.27027,44.5804
1644314674,989,1.44258e+06,188107,9,10,48,143,45.8633,139.76,31.0051,0.59986,6.0326,37.7203
1644314674,990,923468,163747,9,8,42,125,44.69,134.837,32.5131,0.529555,7.81275,40.9428
1644314674,991,848033,116193,9,8,42,125,45.5867,138.77,26.3387,0.575899,5.23954,32.2297
1644314674,992,962084,153858,9,4,47,145,46.3467,139.71,26.4939,0.518379,7.95846,35.0431
1644314674,993,1.00196e+06,159637,9,4,47,143,46.62,142.2,28.201,0.302022,6.48585,35.0694
1644314674,994,1.30172e+06,165115,9,4,46,144,46.8367,143.06,30.07,0.511559,8.4732,39.1382
1644314674,995,1.04235e+06,133470,9,6,46,143,46.8533,143.433,26.698,0.466221,7.86998,35.1168
1644314674,996,1.0019e+06,149191,9,6,47,144,46.97,143.27,31.0905,0.482405,8.01228,39.6604
1644314674,997,1.39496e+06,166103,9,7,46,141,47.1533,143.76,36.2719,0.590974,6.89361,43.8535
1644314674,998,1.08374e+06,177929,9,6,49,146,47.1933,143.013,38.6513,0.544808,8.08846,47.3695
1644314674,999,1.00193e+06,194641,9,6,49,147,47.5167,144.31,32.2564,0.492658,8.3718,41.2026
1644314674,1000,1.1252e+06,233426,9,5,47,141,47.5467,144.23,34.4062,0.560239,8.61053,43.6604
